21860 4
21861 9
21870 1
21878 9
21879 8
21884 8
21889 3
21892 7
21895 9
21899 3
21909 5
21911 8
21916 3
21921 1
21930 3
21930 7
21932 6
21942 6
21949 1
21955 8
21965 1
21975 7
21978 6
21983 1
21986 9
21991 1
21994 10
21994 1
22001 6
22006 5
22009 2
22014 4
22016 7
22019 5
22028 4
22034 8
22042 10
22044 2
22049 1
22051 4
22056 7
22062 3
22065 3
22069 9
22076 8
22079 7
22079 7
22080 8
22090 3
22099 1
22109 7
22112 3
22119 6
22122 6
22132 7
22137 4
22146 4
22156 3
22156 5
22164 7
22174 7
22176 10
22180 5
22180 7
22186 2
22193 6
22193 8
22201 7
22204 3
22208 8
22209 2
22213 6
22218 3
22226 4
22230 2
22238 8
22239 5
22239 10
22249 8
22253 10
22259 6
22265 9
22273 4
22283 8
22293 7
22294 7
22294 2
22301 5
22305 2
22312 2
22317 8
22326 10
22327 1
22336 4
22342 8
22346 7
22346 8
22353 10
22354 1
22364 9
22372 5
22380 5
22382 9
22382 3
22387 8
22388 3
22398 6
22402 10
22407 5
22417 4
22420 9
22420 9
22420 8
22422 1
22432 6
22441 5
22447 6
22450 10
22457 3
22457 6
22466 6
22475 9
22483 3
22490 9
22493 4
22494 5
22501 8
22510 1
22515 2
22522 6
22528 3
22535 10
22542 5
22550 2
22560 1
22564 7
22573 8
22577 10
22579 6
22586 1
22588 7
22597 4
22602 9
22605 1
22608 9
22618 10
22618 8
22626 1
22631 8
22641 8
22643 10
22643 7
22644 4
22648 8
22648 10
22651 1
22655 4
22662 10
22666 1
22673 5
22679 6
22680 2
22681 3
22691 6
22694 5
22702 1
22710 1
22713 4
22723 8
22730 4
22734 3
22742 5
22752 9
22757 2
22759 6
22768 3
22773 10
22774 7
22781 10
22791 5
22799 10
22801 4
22804 7
22813 6
22822 2
22829 4
22832 7
22838 5
22845 4
22850 9
22860 2
22862 3
22863 10
22869 7
22869 4
22875 7
22883 10
22883 5
22893 10
22903 5
22905 4
22911 10
22919 7
22924 7
22933 1
22940 10
22941 1
22949 8
22958 2
22966 1
22972 9
22977 2
22987 2
22989 9
22989 2
22993 7
22996 2
23001 9
23008 3
23018 8
23025 4
23035 1
23036 1
23042 6
23051 6
23058 3
23063 9
23068 6
23071 3
23071 4
23076 8
23079 3
23089 9
23096 9
23101 8
23101 9
23102 6
23108 8
23113 9
23113 4
23116 4
23121 2
23127 3
23127 4
23131 5
23141 3
23144 8
23149 5
23157 8
23165 2
23171 2
23171 9
23176 10
23184 9
23189 4
23189 6
23191 9
23196 10
23196 7
23199 7
23205 2
23215 7
23216 7
23216 9
23217 5
23227 9
23230 3
23230 6
23233 7
23239 3
23240 7
23242 8
23249 8
23255 7
23255 3
23263 9
23270 5
23271 7
23278 7
23283 4
23290 8
23293 8
23303 3
23309 3
23319 1
23325 1
23329 7
23329 4
23332 7
23336 4
23338 4
23344 9
23348 9
23353 10
23358 2
23364 6
23365 9
23375 2
23376 3
23376 3
23378 5
23386 10
23387 3
23392 10
23392 6
23396 4
23402 8
23411 10
23413 8
23421 1
23431 5
23438 4
23438 6
23446 7
23453 5
23462 2
23462 6
23465 3
23465 7
23467 1
23469 8
23469 2
23470 7
23475 2
23483 3
23490 5
23495 3
23499 4
23504 8
23509 9
23516 3
23522 3
23528 3
23533 8
23535 7
23538 2
23538 3
23546 8
23552 7
23553 5
23557 6
23566 8
23575 1
23576 9
23577 2
23577 2
23583 8
23587 5
23590 8
23593 1
23597 2
23601 10
23605 9
23609 7
23613 1
23615 6
23617 3
23620 5
23621 3
23622 7
23631 3
23640 1
23645 3
23646 2
23654 6
23664 9
23671 9
23674 5
23678 9
23688 4
23698 5
23700 8
23710 2
23720 4
23728 8
23738 1
23748 10
23754 2
23761 7
23761 7
23770 9
23773 3
23773 8
23778 6
23779 1
23788 9
23791 10
23800 5
23804 10
23805 10
23810 3
23815 9
23821 4
23826 8
23833 9
23837 3
23838 4
23847 8
23857 5
23862 10
23867 5
23874 3
23876 6
23876 10
23886 8
23893 5
23903 10
23905 5
23915 9
23921 4
23931 10
23940 5
23943 5
23943 7
23952 10
23952 8
23959 5
23960 3
23967 9
23969 8
23978 2
23984 9
23992 8
23995 7
23998 8
23998 2
24004 9
24005 4
24009 4
24018 4
24021 9
24026 10
24026 2
24030 8
24034 3
24036 10
24038 8
24047 6
24050 4
24050 3
24058 3
24065 3
24070 6
24079 6
24083 10
24083 5
24087 3
24089 4
24098 7
24098 8
24108 7
24113 6
24119 8
24124 2
24126 6
24129 7
24132 4
24139 2
24143 9
24148 10
24148 9
24150 1
24160 1
24166 7
24174 6
24174 9
24176 3
24180 1
24184 8
24188 6
24189 10
24199 4
24203 5
24203 3
24204 6
24208 3
24208 8
24211 7
24220 8
24226 9
24235 9
24236 10
24242 5
24246 7
24248 4
24250 9
24252 6
24258 7
24267 4
24277 4
24286 3
24294 5
24302 3
24307 3
24311 6
24319 9
24320 2
24328 9
24330 10
24336 3
24342 8
24347 9
24353 9
24363 6
24365 4
24365 3
24365 10
24371 8
24373 10
24381 6
24387 5
24392 3
24396 7
24398 4
24399 9
24407 3
24409 1
24412 1
24422 6
24422 3
24422 8
24423 6
24427 3
24432 2
24436 7
24436 10
24444 6
24448 9
24453 7
24459 9
24461 2
24462 3
24465 4
24474 4
24480 2
24482 1
24487 2
24491 9
24500 3
24500 9
24510 9
24520 2
24521 1
24528 7
24536 4
24545 6
24546 10
24546 10
24550 3
24554 5
24559 3
24562 8
24572 3
24576 10
24580 6
24586 8
24587 7
24587 2
24592 1
24597 8
24601 5
24610 2
24611 3
24620 1
24626 6
24627 5
24635 10
24642 3
24652 8
24653 1
24657 4
24664 10
24673 9
24679 2
24679 1
24682 7
24682 6
24690 3
24700 1
24705 6
24710 9
24712 7
24720 2
24728 4
24737 6
24738 5
24741 3
24746 1
24747 9
24747 3
24756 3
24757 5
24759 9
24759 7
24769 3
24771 9
24780 2
24785 2
24787 9
24788 5
24797 10
24799 6
24804 6
24814 6
24818 10
24821 2
24831 10
24841 1
24849 6
24858 2
24858 1
24858 10
24860 7
24860 8
24865 8
24867 2
24867 2
24870 3
24877 6
24886 3
24894 1
24895 9
24897 4
24900 3
24910 8
24914 8
24924 5
24930 3
24938 4
24941 10
24946 5
24950 1
24957 1
24966 6
24971 5
24975 10
24980 4
24986 8
24990 1
24994 8
25004 5
25005 9
25013 8
25021 2
25021 4
25025 5
25028 3
25036 7
25038 2
25040 10
25050 2
25055 6
25064 1
25073 5
25073 4
25077 2
25083 3
25087 8
25095 4
25102 4
25112 1
25121 10
25127 4
25137 9
25146 9
25146 4
25148 8
25149 10
25153 3
25154 2
25164 10
25174 7
25181 4
25187 5
25189 5
25197 9
25197 7
25207 3
25216 5
25226 6
25231 10
25233 7
25234 1
25240 9
25249 3
25257 2
25265 5
25265 6
25272 5
25275 1
25282 10
25289 10
25292 9
25302 8
25312 5
25318 1
25321 5
25321 6
25328 5
25335 1
25344 8
25346 1
25354 3
25360 3
25365 9
25365 3
25373 4
25377 8
25385 6
25385 10
25392 2
25392 1
25394 8
25395 5
25398 3
25400 1
25409 9
25411 5
25414 2
25420 4
25423 3
25428 4
25438 10
25446 3
25453 10
25454 1
25457 1
25466 2
25474 8
25474 2
25478 5
25487 3
25493 9
25497 7
25502 7
25505 3
25506 8
25512 7
25515 9
25518 6
25518 10
25519 2
25522 9
25526 2
25532 3
25542 6
25550 1
25560 1
25565 6
25575 10
25584 1
25589 1
25589 1
25596 9
25598 8
25608 10
25610 4
25613 3
25621 6
25624 7
25624 2
25627 6
25634 2
25634 2
25634 4
25643 3
25643 8
25650 7
25660 4
25670 9
25672 1
25672 1
25681 1
25687 5
25695 8
25702 7
25712 7
25715 4
25722 9
25725 10
25725 1
25728 10
25728 7
25735 7
25735 3
25743 2
25747 5
25749 8
25758 7
25764 4
25767 6
25777 7
25786 5
25790 5
25793 8
25794 10
25798 7
25798 5
25798 9
25800 4
25803 8
25810 5
25814 1
25821 8
25825 9
25827 4
25828 4
25832 1
25835 4
25839 4
25840 8
25846 9
25853 5
25861 9
25863 7
25865 6
25870 1
25879 8
25886 6
25894 7
25900 10
25903 10
25904 4
25910 3
25913 6
25920 9
25920 1
25927 9
25933 4
25934 10
25935 2
25944 8
25946 8
25950 4
25952 3
25959 9
25960 4
25961 7
25966 2
25968 4
25971 8
25981 2
25989 3
25999 5
26008 2
26016 10
26017 10
26024 7
26025 5
26034 4
26044 2
26052 1
26054 4
26054 3
26057 7
26058 3
26067 2
26075 2
26080 7
26086 4
26089 4
26091 3
26097 3
26100 5
26105 2
26113 3
26114 10
26117 1
26118 1
26125 9
26128 4
26136 3
26140 7
26144 3
26151 4
26152 5
26153 4
26163 3
26171 9
26172 2
26182 6
26186 7
26188 1
26190 1
26195 2
26200 10
26202 4
26209 2
26212 9
26216 6
26225 5
26231 4
26235 10
26237 3
26244 6
26245 2
26255 1
26261 10
26270 6
26273 6
26276 3
26276 2
26284 10
26294 9
26299 10
26307 6
26313 8
26322 1
26331 6
26340 7
26341 10
26350 6
26353 5
26354 5
26364 8
26367 9
26367 8
26373 9
26381 7
26389 1
26396 5
26398 2
26406 7
26406 8
26414 7
26422 7
26429 3
26438 1
26446 10
26455 1
26458 9
26464 9
26467 1
26468 9
26471 6
26480 4
26481 8
26491 1
26499 9
26501 10
26506 6
26509 6
26513 9
26522 9
26531 4
26539 6
26546 9
26549 4
26550 5
26558 9
26558 4
26568 1
26570 10
26576 7
26581 4
26583 8
26589 3
26598 1
26600 10
26600 2
26601 9
26602 9
26607 3
26614 8
26622 5
26630 8
26636 9
26641 10
26643 2
26647 9
26651 1
26655 6
26664 10
26671 7
26676 6
26685 5
26694 7
26696 4
26699 6
26707 7
26716 1
26718 1
26727 5
26736 2
26739 6
26746 2
26753 7
26756 1
26763 4
26765 8
26765 7
26770 6
26779 9
26779 3
26783 5
26789 10
26789 8
26792 6
26792 10
26801 9
26805 8
26812 4
26813 9
26816 3
26822 5
26827 5
26831 6
26834 8
26840 2
26840 1
26840 3
26840 2
26840 2
26848 2
26851 4
26851 6
26861 3
26866 7
26870 7
26875 5
26876 3
26878 6
26886 2
26892 3
26898 6
26899 10
26905 7
26907 10
26908 10
26913 9
26917 6
26927 7
26937 7
26945 10
26946 6
26956 9
26965 8
26971 6
26973 10
26981 3
26982 8
26990 6
26996 4
26997 4
27003 3
27003 1
27010 9
27019 9
27019 3
27026 1
27031 6
27033 7
27038 6
27045 1
27048 6
27048 5
27057 8
27064 9
27070 1
27079 9
27089 5
27098 2
27102 5
27103 2
27112 10
27116 7
27118 3
27122 10
27130 1
27132 8
27133 7
27133 1
27133 4
27143 7
27146 2
27151 9
27153 5
27160 2
27168 2
27175 10
27180 7
27188 7
27191 3
27193 1
27194 10
27202 10
27208 10
27215 3
27219 2
27228 10
27229 8
27235 2
27240 8
27246 5
27254 8
27261 1
27271 4
27278 7
27285 7
27285 10
27287 4
27291 7
27295 3
27303 1
27310 2
27311 1
27319 8
27327 8
27335 9
27337 7
27341 10
27346 4
27348 10
27352 10
27360 8
27360 7
27369 1
27372 8
27375 5
27382 1
27385 1
27390 10
27392 4
27392 9
27398 10
27399 1
27405 8
27405 3
27410 6
27412 4
27419 4
27427 6
27432 4
27438 1
27445 6
27449 8
27457 3
27467 9
27468 5
27474 1
27481 6
27483 7
27492 8
27501 1
27508 5
27511 8
27512 7
27517 9
27526 2
27536 1
27536 4
27541 6
27541 7
27545 4
27554 3
27558 10
27559 8
27564 4
27573 9
27575 10
27577 1
27580 8
27581 4
27586 10
27593 8
27596 4
27602 3
27612 9
27620 5
27626 4
27636 2
27645 9
27649 3
27649 6
27654 8
27656 8
27658 6
27664 9
27665 2
27666 8
27676 3
27676 4
27684 3
27692 5
27693 8
27703 9
27705 3
27714 9
27722 3
27727 8
27733 2
27737 3
27747 2
27756 10
27763 3
27771 6
27772 9
27782 3
27787 3
27789 2
27798 10
27802 2
27805 1
27806 1
27816 7
27816 5
27816 4
27816 8
27818 2
27818 4
27825 5
27826 3
27827 2
27832 8
27836 8
27838 8
27842 1
27852 3
27860 4
27865 5
27869 10
27869 1
27876 10
27877 4
27885 7
27888 9
27894 9
27895 8
27898 9
27900 7
27901 5
27908 5
27917 9
27926 9
27930 1
27931 5
27937 9
27947 7
27957 5
27964 3
27965 10
27965 7
27968 3
27970 10
27977 10
27986 9
27993 4
28001 5
28009 4
28017 8
28023 1
28029 6
28037 9
28046 8
28049 5
28049 9
28051 2
28058 6
28068 9
28076 7
28077 3
28086 8
28086 2
28096 1
28105 8
28111 2
28116 2
28117 8
28123 3
28126 6
28129 9
28138 5
28138 8
28148 4
28150 6
28153 10
28163 8
28171 7
28177 9
28183 9
28186 1
28192 5
28193 10
28197 3
28204 1
28205 1
28215 3
28219 10
28222 6
28230 10
28238 4
28243 1
28243 8
28248 5
28256 10
28266 4
28275 4
28280 4
28290 4
28293 7
28296 6
28301 4
28301 5
28309 1
28319 10
28323 2
28325 1
28327 8
28336 5
28344 5
28348 6
28351 6
28359 8
28368 6
28372 6
28374 6
28375 2
28382 1
28385 7
28387 9
28393 3
28402 1
28402 6
28402 4
28407 10
28407 5
28408 8
28416 8
28425 10
28432 7
28437 6
28442 9
28445 6
28453 6
28454 2
28462 8
28462 5
28468 10
28469 5
28476 1
28478 3
28481 5
28489 6
28490 6
28494 6
28496 3
28498 7
28502 1
28508 2
28508 3
28516 1
28518 1
28526 9
28533 9
28535 5
28540 3
28545 6
28549 10
28555 10
28559 7
28568 8
28574 7
28574 2
28577 9
28585 6
28595 8
28602 5
28603 5
28613 1
28615 1
28620 3
28630 8
28631 2
28640 1
28645 2
28648 8
28655 2
28657 9
28664 5
28674 8
28681 10
28689 8
28689 7
28694 10
28694 6
28699 8
28707 6
28709 10
28717 1
28719 2
28720 2
28725 7
28733 6
28735 8
28735 3
28743 2
28752 5
28760 9
28769 2
28773 4
28778 1
28778 6
28778 7
28788 5
28789 8
28797 3
28797 6
28804 5
28809 3
28809 1
28816 2
28826 10
28834 2
28844 4
28849 9
28849 1
28857 10
28867 4
28877 5
28881 3
28887 3
28888 4
28898 6
28900 1
28903 4
28912 8
28919 6
28923 4
28925 6
28933 3
28935 5
28941 4
28946 2
28953 10
28953 7
28956 8
28965 1
28974 1
28983 2
28986 7
28986 3
28986 2
28993 2
29000 8
29003 5
29008 4
29017 4
29021 5
29022 5
29028 1
29036 10
29042 4
29052 4
29055 6
29059 6
29066 1
29069 7
29075 9
29082 1
29090 10
29095 5
29097 7
29097 1
29099 4
29100 7
29101 10
29105 5
29106 7
29115 8
29125 6
29131 8
29133 2
29143 2
29151 6
29160 7
29164 10
29169 10
29169 10
29176 10
29179 10
29186 10
29190 3
29199 4
29199 3
29205 4
29212 4
29213 5
29222 7
29225 7
29230 1
29240 2
29240 6
29240 9
29244 3
29253 10
29255 4
29264 3
29266 4
29266 7
29276 6
29286 7
29292 3
29302 8
29312 10
29322 5
29332 10
29341 3
29349 7
29355 4
29359 8
29366 5
29374 6
29375 1
29382 4
29382 9
29387 9
29387 4
29395 10
29399 3
29409 8
29417 10
29425 3
29429 4
29432 4
29438 2
29440 3
29444 6
29448 6
29458 1
29462 7
29470 1
29479 5
29485 9
29489 6
29498 5
29507 8
29516 10
29518 10
29518 3
29518 5
29518 9
29522 1
29523 9
29528 2
29538 6
29546 9
29550 4
29559 10
29567 9
29575 4
29577 10
29577 4
29586 4
29595 7
29598 10
29598 2
29598 10
29602 4
29603 8
29613 8
29617 4
29620 1
29629 2
29635 10
29637 10
29645 8
29650 6
29650 10
29656 7
29656 7
29664 9
29674 6
29678 9
29684 7
29684 3
29687 3
29695 3
29695 4
29702 7
29710 6
29715 10
29715 9
29725 9
29727 4
29735 5
29738 2
29748 9
29757 2
29760 8
29764 7
29774 7
29779 10
29788 5
29789 5
29799 10
29801 1
29802 9
29804 3
29814 8
29818 4
29819 9
29827 9
29832 6
29841 4
29842 4
29851 4
29857 2
29861 1
29869 8
29877 1
29878 1
29886 7
29894 2
29894 9
29894 7
29894 6
29902 9
29910 4
29914 8
29924 8
29931 10
29933 4
29933 4
29935 8
29943 3
29953 9
29960 4
29969 7
29975 6
29982 8
29982 9
29985 10
29988 1
29988 3
29993 3
30002 1
30007 4
30008 4
30012 2
30020 10
30022 4
30031 10
30034 7
30043 3
30044 2
30045 7
30054 7
30061 8
30064 3
30068 7
30071 4
30079 9
30088 5
30098 6
30108 7
30109 1
30119 6
30125 8
30128 7
30136 7
30141 5
30144 10
30153 5
30153 8
30157 1
30166 1
30171 4
30172 3
30173 3
30176 5
30180 4
30190 3
30191 6
30195 7
30198 4
30203 4
30211 10
30219 9
30226 2
30233 2
30234 5
30237 9
30246 5
30252 8
30256 10
30265 9
30265 1
30275 6
30285 5
30286 2
30291 8
30299 8
30301 7
30307 4
30310 7
30315 3
30318 9
30325 10
30326 2
30334 3
30344 3
30346 6
30349 4
30355 10
30359 6
30360 7
30361 5
30369 4
30371 3
30380 3
30383 6
30389 9
30397 7
30401 10
30405 9
30408 1
30416 3
30426 5
30432 1
30442 7
30442 7
30448 2
30456 1
30458 7
30463 8
30463 6
30463 4
30465 9
30473 6
30480 10
30486 10
30496 7
30499 10
30499 3
30499 8
30505 9
30511 4
30519 7
30523 10
30532 10
30539 2
30544 1
30547 1
30549 9
30559 9
30567 2
30574 1
30579 6
30583 10
30588 3
30588 9
30588 2
30597 2
30605 9
30608 3
30618 10
30619 7
30625 3
30631 1
30633 7
30638 2
30645 3
30649 8
30657 6
30661 9
30669 5
30678 10
30687 1
30688 9
30696 6
30704 3
30708 9
30714 7
30714 10
30719 5
30722 9
30732 8
30742 1
30750 2
30760 4
30765 6
30767 8
30768 8
30777 10
30779 1
30784 9
30794 2
30800 4
30806 1
30811 6
30819 3
30827 2
30833 9
30841 7
30851 2
30853 1
30853 1
30857 5
30860 8
30870 8
30875 9
30876 3
30878 6
30884 9
30886 3
30892 2
30899 9
30903 7
30912 9
30914 9
30919 4
30928 7
30935 10
30939 5
30939 5
30939 7
30946 10
30951 6
30960 8
30962 3
30963 7
30970 8
30979 9
30987 6
30997 1
30998 6
31000 6
31010 2
31018 5
31020 3
31025 10
31033 5
31036 1
31042 7
31045 3
31052 1
31057 5
31065 8
31068 7
31075 9
31076 9
31082 7
31085 8
31094 10
31099 6
31102 3
31104 5
31112 9
31113 9
31113 6
31123 8
31127 2
31128 7
31132 6
31134 2
31138 4
31143 9
31149 6
31150 9
31155 1
31156 1
31157 2
31164 2
31168 5
31177 9
31187 2
31187 9
31195 9
31197 4
31200 1
31201 9
31209 8
31209 5
31211 5
31215 4
31218 9
31221 2
31228 1
31238 6
31243 5
31244 8
31245 3
31252 3
31254 2
31264 6
31265 6
31271 8
31273 5
31282 10
31288 8
31288 8
31293 8
31293 10
31303 5
31303 7
31307 3
31316 9
31317 2
31319 8
31321 10
31324 10
31332 1
31340 10
31343 3
31346 8
31352 3
31359 10
31361 7
31361 2
31365 8
31371 2
31380 5
31390 6
31395 3
31395 1
31405 8
31411 9
31411 9
31416 7
31424 8
31424 5
31433 2
31438 4
31439 6
31439 3
31441 7
31451 4
31457 4
31465 9
31474 3
31478 1
31488 1
31488 5
31488 9
31488 3
31489 7
31490 10
31496 2
31504 10
31512 1
31513 1
31515 7
31523 10
31531 6
31536 9
31536 9
31544 4
31548 9
31553 1
31554 1
31555 5
31560 2
31570 8
31573 8
31579 2
31581 10
31589 7
31593 1
31602 9
31608 8
31611 10
31618 7
31620 8
31626 3
31628 6
31638 3
31645 1
31648 3
31648 10
31648 7
31653 1
31663 7
31668 4
31672 10
31672 7
31674 10
31678 5
31688 1
31696 7
31696 4
31706 7
31708 1
31718 5
31728 6
31737 6
31739 7
31740 10
31744 7
31754 5
31759 9
31764 5
31774 9
31779 8
31781 4
31782 3
31791 5
31799 6
31803 7
31806 1
31808 6
31810 8
31811 3
31814 1
31818 3
31827 7
31836 10
31840 9
31841 1
31845 10
31851 1
31854 5
31857 4
31862 3
31867 2
31875 5
31879 2
31889 3
31896 10
31903 7
31904 2
31912 3
31922 6
31928 2
31935 10
31936 5
31938 6
31942 10
31944 3
31952 2
31955 8
31965 5
31965 2
31965 7
31973 4
31981 5
31982 8
31987 7
31992 2
31999 4
32008 10
32009 7
32015 10
32015 7
32017 2
32017 9
32018 5
32026 2
32033 2
32042 9
32044 3
32054 9
32064 2
32074 5
32077 4
32080 1
32090 1
32098 1
32106 5
32106 5
32110 4
32110 2
32118 7
32120 8
32122 5
32128 2
32132 10
32137 6
32145 8
32151 9
32159 4
32167 7
32177 7
32187 7
32197 5
32199 2
32207 5
32211 2
32217 9
32224 1
32229 4
32229 9
32232 6
32232 6
32238 1
32245 8
32254 4
32263 10
32271 5
32271 4
32277 8
32285 1
32285 3
32293 7
32298 2
32299 6
32303 10
32308 9
32311 4
32317 10
32324 4
32325 2
32330 4
32331 10
32337 1
32342 1
32342 1
32348 4
32358 4
32364 5
32367 6
32369 1
32375 8
32385 2
32394 9
32399 7
32403 1
32411 2
32414 10
32421 6
32428 5
32438 10
32439 10
32446 1
32450 6
32452 9
32459 9
32467 7
32476 3
32482 8
32491 2
32500 6
32504 3
32511 2
32512 7
32517 4
32519 4
32520 1
32527 9
32537 7
32545 1
32546 6
32548 7
32549 6
32552 4
32556 2
32562 9
32572 3
32577 3
32580 6
32587 10
32597 5
32607 4
32615 9
32622 9
32622 8
32627 3
32632 10
32640 9
32644 2
32645 1
32654 2
32658 10
32662 2
32664 10
32666 7
32667 8
32671 6
32681 8
32684 6
32689 5
32698 7
32701 10
32704 10
32712 4
32721 4
32730 3
32733 6
32736 3
32737 10
32738 6
32739 4
32749 6
32750 7
32753 7
32758 1
32763 7
32767 9
32772 7
32777 8
32787 10
32797 5
32806 2
32806 8
32811 10
32814 7
32823 4
32827 2
32833 3
32840 6
32847 2
32852 1
32855 7
32860 8
32864 9
32873 5
32883 8
32893 2
32901 1
32907 6
32912 8
32918 9
32926 5
32926 5
32929 1
32930 5
32935 10
32942 3
32946 6
32947 10
32956 7
32964 3
32969 5
32973 6
32974 6
32976 9
32978 6
32978 10
32985 10
32985 7
32988 6
32996 4
32999 2
33009 4
33012 10
33012 4
33018 9
33025 3
33027 4
33027 9
33033 2
33041 6
33051 7
33055 8
33059 1
33061 8
33062 9
33063 4
33064 1
33073 10
33082 1
33087 7
33090 10
33092 3
33092 10
33097 4
33099 2
33108 9
33117 8
33122 6
33126 4
33132 7
33136 6
33143 5
33146 6
33155 7
33165 6
33168 7
33170 7
33174 10
33179 4
33184 8
33194 6
33200 8
33204 5
33210 10
33214 8
33214 1
33218 7
33220 2
33228 8
33234 2
33235 6
33244 2
33254 10
33258 9
33268 8
33275 3
33277 5
33279 6
33288 6
33290 1
33294 5
33303 9
33307 8
33309 7
33317 1
33324 2
33328 9
33329 9
33335 7
33338 6
33340 4
33341 10
33351 1
33359 1
33366 6
33376 3
33385 3
33392 4
33395 5
33396 9
33401 2
33410 3
33411 8
33411 2
33413 10
33414 2
33415 6
33421 3
33424 8
33432 8
33433 7
33443 5
33452 4
33460 3
33463 2
33464 5
33470 6
33476 6
33481 1
33485 8
33491 4
33499 3
33505 10
33512 1
33517 3
33522 4
33527 9
33527 1
33534 10
33537 2
33543 7
33547 7
33557 6
33565 6
33569 1
33579 6
33582 3
33587 8
33595 8
33598 5
33608 10
33612 4
33619 9
33625 4
33625 1
33635 2
33645 3
33650 3
33651 4
33654 7
33654 4
33656 10
33661 6
33671 1
33674 1
33675 7
33683 6
33688 1
33698 6
33702 4
33706 2
33710 8
33712 7
33722 6
33732 10
33738 4
33738 10
33739 2
33741 4
33747 9
33749 1
33755 5
33757 9
33765 1
33771 1
33780 4
33780 3
33780 10
33781 5
33785 1
33785 1
33792 1
33797 1
33801 6
33809 8
33819 1
33826 5
33829 5
33830 3
33838 10
33840 4
33845 9
33852 10
33855 8
33858 7
33860 2
33864 6
33865 10
33871 7
33874 3
33877 2
33877 5
33881 1
33887 2
33888 7
33888 8
33893 9
33895 8
33903 6
33908 4
33917 9
33927 10
33932 10
33941 1
33944 7
33945 4
33949 9
33952 8
33952 10
33953 1
33963 3
33966 10
33970 5
33974 2
33980 8
33987 4
33990 3
33995 1
33999 6
34005 4
34010 5
34020 2
34026 9
34029 3
34039 1
34044 8
34045 3
34047 9
34056 9
34058 1
34059 9
34069 3
34070 10
34078 9
34084 5
34094 9
34100 10
34106 5
34116 1
34119 10
34126 10
34135 7
34139 7
34139 1
34141 7
34147 3
34154 8
34156 9
34161 10
34162 4
34163 10
34172 5
34180 3
34187 9
34195 8
34201 8
34208 6
34210 10
34219 1
34229 1
34239 4
34240 5
34248 9
34252 8
34253 2
34253 6
34255 4
34262 1
34271 2
34275 3
34285 1
34285 5
34294 5
34297 2
34297 8
34304 6
34312 6
34318 4
34325 5
34329 6
34330 5
34340 8
34340 2
34340 8
34345 10
34350 4
34350 10
34359 10
34364 6
34371 3
34373 4
34377 9
34384 9
34384 4
34392 5
34402 2
34409 3
34419 1
34419 8
34426 1
34427 7
34427 1
34432 3
34442 4
34451 2
34454 6
34459 9
34467 5
34472 7
34474 3
34474 3
34481 4
34488 4
34491 3
34492 1
34493 1
34502 8
34504 9
34510 4
34520 2
34525 2
34527 5
34535 2
34544 10
34548 1
34557 3
34567 7
34575 9
34584 9
34594 4
34602 5
34612 2
34620 9
34626 4
34636 4
34642 3
34648 6
34648 10
34654 8
34655 9
34660 2
34662 4
34664 9
34670 1
34679 5
34685 10
34687 9
34696 1
34697 3
34699 3
34707 2
34709 5
34713 3
34715 8
34723 4
34731 1
34740 1
34744 6
34750 8
34757 9
34759 1
34765 2
34769 1
34769 10
34773 9
34777 10
34786 10
34789 1
34796 10
34796 6
34801 10
34806 10
34808 2
34810 1
34817 7
34825 2
34833 1
34843 1
34848 9
34852 7
34852 6
34860 2
34862 2
34869 1
34871 6
34872 7
34874 7
34880 6
34882 7
34882 1
34885 9
34889 3
34899 7
34909 1
34919 6
34928 5
34938 5
34942 10
34943 1
34952 1
34956 2
34962 10
34965 7
34974 10
34980 6
34981 8
34985 1
34992 5
34997 6
35001 5
35007 6
35017 6
35023 6
35028 7
35029 1
35038 2
35048 6
35058 2
35060 2
35065 7
35067 10
35070 5
35079 6
35088 1
35090 9
35095 4
35096 7
35097 3
35102 10
35104 10
35110 1
35110 4
35110 7
35113 10
35117 9
35125 7
35135 9
35135 1
35144 3
35154 7
35162 10
35167 7
35176 3
35180 10
35189 3
35197 4
35199 5
35205 2
35209 7
35210 2
35212 8
35222 4
35228 5
35236 4
35241 10
35242 2
35242 4
35243 7
35243 10
35243 10
35252 9
35253 8
35255 6
35255 7
35257 2
35265 9
35272 1
35276 9
35279 9
35282 4
35290 4
35290 8
35297 5
35300 5
35304 3
35306 7
35313 3
35313 4
35320 5
35320 3
35321 1
35330 6
35333 5
35338 8
35348 1
35350 2
35358 8
35359 3
35359 6
35366 6
35369 4
35374 10
35374 2
35381 7
35386 7
35387 3
35390 1
35398 3
35407 6
35415 10
35423 1
35426 2
35427 5
35432 1
35438 4
35440 1
35448 4
35454 5
35464 7
35464 2
35474 1
35480 5
35490 5
35494 9
35496 6
35499 10
35509 1
35510 7
35518 6
35527 10
35532 7
35540 10
35544 4
35553 4
35559 9
35564 5
35564 10
35567 2
35567 7
35570 9
35575 10
35583 2
35592 9
35595 9
35598 8
35604 9
35612 2
35622 4
35630 5
35633 4
35638 4
35643 4
35648 9
35658 1
35659 7
35662 2
35668 7
35678 9
35687 3
35696 4
35704 9
35710 8
35717 1
35721 6
35731 1
35736 10
35739 1
35745 1
35751 10
35752 1
35759 10
35759 5
35763 6
35767 4
35774 6
35784 2
35788 3
35796 7
35803 1
35805 10
35812 6
35819 9
35824 4
35832 10
35836 10
35837 2
35839 3
35839 8
35848 5
35854 8
35858 1
35866 5
35875 2
35881 8
35884 6
35890 8
35892 10
35901 9
35902 7
35903 8
35905 1
35909 8
35910 9
35918 5
35923 9
35926 4
35932 5
35936 6
35938 2
35943 1
35950 3
35952 10
35953 7
35955 6
35958 8
35963 10
35967 6
35974 5
35975 7
35979 1
35982 2
35985 8
35989 6
35989 5
35996 9
36003 6
36008 6
36017 5
36024 3
36028 7
36031 7
36032 1
36038 9
36038 2
36047 5
36048 2
36056 1
36066 7
36075 7
36078 5
36080 9
36085 7
36089 5
36099 9
36101 5
36108 10
36117 5
36117 7
36120 1
36130 7
36133 2
36134 6
36143 2
36151 10
36157 4
36166 4
36172 6
36173 9
36178 4
36184 1
36194 4
36194 1
36202 7
36203 10
36210 8
36220 4
36226 10
36232 5
36240 10
36250 1
36260 2
36268 8
36278 4
36278 1
36283 5
36293 7
36299 8
36300 5
36306 9
36307 2
36316 5
36325 7
36333 6
36342 7
36346 9
36352 2
36356 2
36363 9
36372 7
36378 6
36388 4
36394 8
36394 2
36400 6
36407 9
36412 8
36416 7
36424 1
36427 7
36430 9
36430 5
36439 7
36448 2
36454 4
36462 8
36470 1
36475 5
36477 4
36486 4
36496 10
36497 2
36505 9
36508 2
36513 2
36521 8
36522 6
36525 4
36531 1
36531 1
36535 7
36535 6
36541 10
36544 6
36551 10
36553 8
36559 3
36566 5
36575 7
36579 2
36584 8
36592 9
36595 4
36597 9
36605 1
36615 1
36624 6
36624 3
36624 8
36624 2
36628 9
36630 7
36634 7
36634 4
36641 2
36643 4
36645 4
36647 4
36655 9
36659 2
36661 10
36663 6
36663 10
36666 4
36669 8
36678 7
36682 5
36686 9
36693 9
36700 8
36704 7
36714 9
36721 7
36722 9
36723 6
36729 6
36736 4
36739 4
36749 2
36753 3
36761 5
36768 10
36777 5
36782 2
36782 2
36788 4
36798 3
36807 1
36810 7
36817 8
36817 3
36823 9
36833 7
36842 2
36845 3
36852 2
36855 2
36863 6
36873 2
36878 10
36878 7
36879 2
36881 7
36883 1
36888 3
36895 7
36896 5
36905 2
36915 9
36922 3
36930 8
36930 1
36932 8
36933 8
36942 5
36942 2
36945 2
36950 2
36956 8
36962 3
36967 4
36970 7
36976 7
36979 10
36984 5
36990 1
37000 10
37002 3
37006 8
37009 9
37015 9
37022 5
37022 7
37022 1
37030 2
37035 6
37043 5
37049 4
37057 3
37061 1
37066 9
37068 1
37074 3
37079 8
37082 4
37088 4
37094 9
37099 5
37103 5
37105 1
37111 10
37111 2
37114 9
37116 10
37117 2
37126 10
37132 2
37139 10
37139 4
37146 5
37150 4
37159 3
37162 7
37168 2
37171 5
37175 1
37177 10
37179 2
37186 9
37187 1
37196 2
37205 2
37211 2
37213 8
37216 2
37222 7
37230 2
37236 1
37240 8
37245 4
37250 6
37253 8
37253 8
37262 4
37268 2
37269 10
37273 7
37280 10
37282 6
37282 9
37289 1
37297 3
37304 6
37309 5
37310 7
37313 7
37318 1
37320 6
37328 4
37328 9
37333 6
37340 4
37347 3
37353 5
37354 1
37363 6
37363 2
37373 8
37383 3
37388 4
37397 9
37403 3
37404 5
37411 1
37413 2
37414 9
37418 9
37421 2
37430 4
37433 10
37435 3
37438 9
37446 4
37453 3
37456 9
37460 8
37467 7
37469 10
37472 2
37479 3
37480 1
37490 3
37491 2
37492 3
37501 4
37506 2
37510 8
37511 10
37517 10
37524 9
37534 10
37540 7
37547 10
37549 9
37554 10
37564 8
37566 3
37576 2
37585 6
37585 4
37587 7
37593 4
37602 8
37608 6
37610 10
37620 7
37629 2
37635 7
37636 5
37637 8
37640 8
37650 5
37658 8
37664 8
37670 1
37671 3
37678 9
37678 2
37688 4
37696 6
37700 4
37701 5
37709 2
37713 2
37713 9
37715 2
37718 7
37723 10
37729 6
37732 7
37737 3
37743 7
37750 9
37755 10
37765 9
37768 8
37773 3
37777 1
37784 6
37793 2
37802 2
37808 1
37816 2
37825 1
37835 2
37838 7
37839 10
37844 6
37847 4
37857 4
37866 3
37870 6
37873 5
37875 9
37878 1
37881 5
37888 6
37898 1
37906 8
37912 8
37917 2
37927 2
37933 10
37934 1
37936 3
37936 10
37945 8
37946 2
37946 7
37954 6
37954 4
37955 9
37965 8
37975 9
37979 2
37980 3
37980 4
37982 6
37985 2
37986 2
37996 3
37997 2
38001 10
38007 7
38012 6
38017 4
38018 4
38018 2
38020 3
38025 5
38026 10
38028 9
38034 4
38036 9
38041 4
38041 2
38044 3
38053 1
38055 1
38064 1
38067 10
38076 8
38082 8
38085 6
38090 1
38092 6
38092 1
38096 4
38105 10
38106 1
38114 5
38120 4
38120 10
38125 3
38129 4
38133 9
38137 9
38146 10
38156 7
38164 8
38170 8
38177 9
38180 9
38189 4
38192 9
38193 5
38200 1
38209 1
38218 5
38224 3
38228 8
38235 5
38235 10
38243 6
38248 1
38248 8
38248 8
38252 10
38256 2
38257 6
38267 9
38273 4
38280 2
38290 4
38296 9
38299 8
38300 10
38307 8
38312 9
38320 8
38326 8
38334 1
38335 4
38341 3
38343 5
38352 9
38358 2
38362 6
38370 9
38374 4
38376 9
38386 9
38393 6
38395 9
38404 10
38411 6
38415 4
38421 5
38427 6
38433 5
38441 7
38446 6
38454 7
38456 6
38464 4
38468 6
38472 4
38474 1
38482 1
38491 5
38501 9
38507 9
38515 6
38519 2
38521 10
38528 4
38531 2
38540 7
38549 2
38550 7
38556 4
38562 8
38567 7
38573 6
38581 1
38588 9
38594 2
38601 4
38604 10
38606 9
38616 2
38618 8
38626 10
38626 5
38636 9
38638 9
38642 5
38644 1
38644 8
38644 10
38653 7
38654 9
38660 7
38665 6
38673 8
38674 10
38677 7
38682 6
38682 6
38685 1
38687 3
38690 7
38700 1
38703 3
38713 4
38718 10
38723 4
38725 10
38728 2
38734 1
38734 1
38735 10
38744 10
38754 8
38763 8
38769 10
38777 1
38781 2
38781 7
38783 1
38788 9
38796 4
38797 10
38806 7
38808 3
38808 1
38817 10
38819 4
38824 8
38825 5
38829 1
38839 8
38841 6
38845 2
38851 4
38851 5
38851 6
38851 8
38853 6
38855 9
38855 3
38860 4
38860 3
38862 3
38869 8
38874 8
38883 7
38891 1
38896 5
38906 5
38911 8
38911 5
38917 9
38920 10
38923 10
38923 5
38930 2
38939 7
38949 6
38949 8
38950 10
38956 5
38963 1
38971 9
38973 10
38983 8
38988 5
38995 3
39000 8
39004 1
39009 4
39019 10
39026 6
39033 3
39039 9
39041 7
39041 7
39042 7
39050 9
39056 8
39058 1
39061 8
39064 1
39067 1
39075 5
39078 5
39088 8
39090 5
39098 5
39098 5
39101 9
39106 5
39116 6
39125 5
39128 10
39131 5
39139 9
39147 7
39149 1
39155 7
39158 2
39158 5
39168 2
39175 4
39182 10
39189 2
39197 3
39198 6
39204 1
39204 7
39207 2
39217 3
39223 2
39233 1
39238 10
39244 10
39246 4
39255 4
39257 10
39265 4
39275 10
39282 1
39284 7
39284 5
39290 6
39294 10
39296 3
39304 1
39312 6
39316 9
39324 4
39330 10
39332 6
39332 4
39339 5
39340 6
39348 6
39348 10
39352 3
39357 1
39365 6
39368 10
39376 7
39381 3
39384 5
39387 8
39393 3
39393 6
39394 3
39394 5
39398 10
39408 3
39416 7
39422 1
39428 8
39436 1
39442 6
39444 5
39451 4
39456 3
39459 10
39469 9
39473 9
39479 1
39484 7
39494 10
39501 6
39509 2
39515 7
39519 5
39521 6
39526 3
39534 7
39543 4
39553 3
39554 1
39562 7
39562 5
39567 4
39572 10
39579 2
39587 7
39597 6
39603 3
39609 3
39614 10
39621 4
39624 2
39628 10
39632 3
39634 2
39637 8
39638 5
39648 7
39651 9
39656 2
39659 6
39662 2
39667 8
39674 4
39680 5
39683 3
39683 8
39685 1
39688 8
39691 1
39698 9
39700 1
39705 1
39706 4
39708 2
39714 4
39720 5
39725 9
39731 10
39738 8
39748 9
39748 3
39752 4
39760 3
39767 9
39768 4
39772 10
39781 5
39783 2
39788 1
39791 5
39796 3
39804 10
39813 7
39819 4
39821 5
39824 3
39825 10
39828 4
39831 3
39839 6
39839 3
39844 3
39853 8
39861 8
39867 10
39877 6
39884 5
39891 4
39899 7
39905 6
39910 3
39920 2
39925 10
39930 7
39940 10
39941 1
39942 10
39948 3
39957 8
39966 7
39976 6
39979 8
39981 10
39988 4
39996 1
40005 10
40006 10
40013 6
40020 1
40021 2
40031 7
40032 5
40036 6
40043 5
40049 9
40052 1
40062 5
40069 7
40070 2
40070 3
40076 10
40086 7
40089 8
40099 10
40104 8
40104 9
40105 7
40107 2
40112 4
40116 7
40118 9
40120 10
40121 9
40124 1
40124 6
40134 5
40134 9
40141 7
40145 7
40152 5
40157 1
40157 3
40164 8
40171 2
40181 2
40189 7
40196 7
40199 6
40204 3
40211 8
40218 3
40225 7
40230 6
40234 9
40240 3
40244 1
40252 8
40254 2
40258 10
40259 9
40265 3
40270 2
40275 4
40282 4
40283 5
40285 7
40293 4
40294 10
40303 8
40312 4
40316 4
40318 7
40321 2
40323 7
40332 3
40341 2
40351 3
40354 5
40363 2
40365 3
40366 1
40367 9
40375 6
40385 6
40391 9
40399 7
40406 8
40414 3
40424 3
40429 9
40429 9
40429 1
40433 7
40443 10
40444 5
40450 10
40450 4
40458 4
40466 8
40467 5
40477 3
40486 1
40488 6
40491 10
40494 8
40501 4
40510 4
40517 10
40525 2
40534 3
40538 4
40546 6
40556 3
40564 9
40570 1
40576 10
40579 7
40579 6
40586 7
40590 9
40598 6
40598 2
40602 9
40607 2
40617 4
40624 9
40628 1
40631 8
40636 4
40644 6
40651 2
40655 10
40661 7
40665 10
40667 1
40667 9
40673 4
40678 1
40682 2
40690 3
40700 10
40704 4
40710 4
40717 4
40722 9
40730 4
40736 7
40745 10
40755 9
40757 10
40765 2
40767 8
40776 9
40777 9
40779 2
40784 7
40785 3
40789 3
40792 2
40796 6
40797 9
40802 6
40811 5
40818 2
40823 8
40830 5
40837 2
40841 8
40842 2
40850 1
40850 9
40851 10
40859 8
40867 9
40867 9
40872 3
40873 5
40880 4
40881 5
40883 4
40890 9
40895 5
40898 2
40906 1
40906 9
40910 2
40916 10
40925 10
40934 4
40935 9
40939 1
40947 4
40951 3
40951 8
40954 6
40954 2
40962 2
40963 8
40965 1
40968 3
40970 3
40977 8
40979 7
40989 2
40997 6
41002 6
41007 6
41011 5
41014 8
41014 6
41016 6
41020 10
41024 9
41024 7
41026 7
41030 1
41039 4
41049 3
41053 9
41060 6
41066 9
41076 2
41076 2
41080 4
41085 2
41093 5
41096 1
41100 1
41102 5
41111 10
41118 7
41124 1
41133 2
41137 6
41138 3
41139 5
41148 3
41152 6
41154 7
41162 8
41172 2
41182 9
41184 10
41189 3
41196 5
41201 6
41202 4
41206 5
41209 3
41210 6
41215 10
41222 9
41222 8
41232 10
41234 6
41242 4
41242 1
41244 1
41245 3
41248 5
41255 7
41262 2
41268 7
41277 6
41284 5
41293 9
41303 2
41305 9
41305 4
41307 7
41313 7
41315 10
41321 6
41326 8
41335 5
41335 6
41337 1
41340 2
41345 4
41347 10
41356 9
41358 5
41360 6
41366 4
41369 3
41371 2
41375 4
41376 7
41382 5
41384 6
41384 7
41391 2
41396 2
41403 8
41411 2
41412 5
41418 7
41418 3
41424 2
41430 5
41430 7
41435 5
41444 10
41444 8
41444 9
41450 6
41451 8
41460 4
41470 2
41474 5
41474 10
41475 6
41483 8
41493 9
41499 5
41508 7
41515 10
41524 3
41532 7
41540 6
41549 9
41555 2
41558 9
41560 8
41566 10
41575 6
41576 3
41584 6
41584 10
41591 2
41599 1
41608 8
41613 6
41621 4
41622 4
41630 8
41636 3
41642 1
41645 9
41654 1
41657 1
41659 9
41662 8
41670 4
41672 2
41678 2
41684 8
41684 7
41691 1
41691 6
41699 2
41704 9
41713 6
41721 4
41729 6
41738 4
41739 4
41741 1
41746 9
41750 10
41750 2
41753 7
41763 5
41767 1
41772 6
41775 3
41785 10
41787 2
41794 2
41801 3
41805 5
41806 7
41808 9
41814 2
41824 2
41825 10
41830 8
41833 3
41836 2
41846 1
41846 10
41856 5
41862 7
41867 8
41877 4
41880 9
41883 8
41888 9
41892 2
41902 8
41910 6
41910 1
41920 4
41924 7
41934 7
41941 3
41942 3
41947 9
41951 6
41957 7
41966 10
41971 1
41974 2
41980 8
41987 2
41993 10
41993 3
41998 5
42005 5
42015 2
42024 2
42034 9
42034 4
42038 3
42041 4
42047 9
42056 8
42059 3
42066 10
42068 4
42077 6
42084 3
42085 6
42091 5
42098 1
42106 1
42116 3
42118 8
42127 7
42129 6
42132 3
42132 7
42139 7
42146 9
42155 2
42162 2
42168 6
42171 6
42174 2
42174 3
42175 7
42176 8
42178 5
42179 8
42186 8
42196 7
42206 3
42214 3
42224 4
42231 7
42234 5
42234 4
42237 1
42239 5
42249 9
42251 10
42260 2
42260 10
42265 3
42273 1
42273 6
42283 2
42287 10
42288 6
42288 7
42298 9
42305 10
42314 4
42315 3
42317 8
42319 8
42327 9
42332 5
42340 9
42345 9
42346 9
42347 8
42357 1
42361 6
42367 3
42373 10
42379 6
42382 7
42392 6
42397 1
42397 1
42400 2
42406 1
42408 1
42416 5
42423 10
42431 4
42437 6
42437 6
42443 4
42445 8
42455 4
42465 6
42475 8
42477 1
42486 6
42496 10
42504 4
42513 4
42520 10
42523 7
42524 6
42534 9
42540 8
42542 6
42546 6
42556 8
42566 8
42570 3
42576 8
42578 5
42586 7
42587 3
42592 5
42594 1
42595 8
42597 7
42601 9
42604 6
42614 3
42622 1
42630 7
42635 1
42636 5
42641 3
42647 9
42654 8
42662 4
42668 9
42673 7
42683 5
42686 8
42693 9
42703 8
42704 6
42707 9
42707 2
42708 8
42715 1
42717 8
42724 7
42732 3
42739 2
42739 3
42741 5
42741 1
42750 5
42751 4
42756 6
42757 1
42765 5
42768 1
42771 6
42772 1
42776 4
42776 2
42786 5
42787 4
42797 1
42806 9
42810 8
42810 9
42818 1
42822 9
42823 6
42831 8
42838 9
42843 10
42844 1
42854 1
42863 10
42866 4
42868 9
42870 4
42873 8
42873 9
42878 5
42884 8
42894 2
42895 10
42895 6
42902 10
42906 1
42911 2
42916 3
42923 7
42924 8
42932 7
42934 1
42937 9
42945 4
42954 4
42963 9
42964 4
42974 9
42980 8
42986 6
42990 3
42990 10
42990 7
42992 10
42998 5
43005 6
43007 8
43010 5
43020 6
43025 7
43035 10
43043 3
43053 6
43060 8
43064 9
43068 6
43078 1
43084 9
43093 8
43100 3
43107 7
43114 4
43120 6
43122 4
43129 9
43130 3
43136 9
43138 3
43142 7
43149 1
43159 7
43164 10
43169 2
43176 5
43180 10
43185 2
43186 7
43193 4
43201 5
43204 5
43214 10
43222 5
43223 3
43230 4
43237 1
43239 9
43241 3
43243 6
43246 10
43253 4
43263 1
43266 6
43267 1
43273 3
43276 9
43277 2
43287 6
43291 6
43296 7
43300 1
43300 8
43303 4
43312 9
43318 5
43319 4
43323 6
43324 4
43333 5
43336 4
43336 4
43337 7
43343 10
43352 5
43362 4
43370 10
43373 7
43379 3
43388 7
43388 4
43390 10
43394 3
43404 4
43414 9
43420 3
43420 10
43424 4
43430 2
43430 10
43436 4
43442 6
43452 9
43462 1
43466 9
43473 5
43481 2
43482 2
43485 10
43489 3
43491 9
43500 2
43502 4
43505 6
43513 1
43513 3
43514 2
43517 10
43518 4
43521 6
43527 10
43532 7
43537 5
43541 10
43541 7
43547 6
43552 10
43556 2
43558 5
43561 7
43569 5
43579 3
43582 1
43587 10
43590 3
43598 10
43602 7
43604 6
43607 6
43609 1
43610 10
43613 6
43621 6
43621 1
43624 8
43631 8
43631 10
43637 2
43645 2
43652 7
43659 9
43667 9
43670 6
43675 10
43678 2
43685 2
43687 7
43695 9
43701 9
43710 3
43716 9
43721 4
43731 2
43737 9
43747 9
43753 10
43758 5
43758 4
43759 5
43759 2
43760 2
43764 8
43770 3
43770 1
43776 6
43782 2
43792 5
43795 4
43801 4
43805 1
43815 1
43822 1
43832 1
43841 7
43842 9
43843 2
43847 5
43857 2
43864 6
43872 3
43876 7
43886 9
43895 2
43903 1
43904 7
43912 1
43920 5
43923 5
43933 9
43938 4
43947 3
43955 2
43956 8
43964 7
43969 7
43975 10
43980 6
43990 8
43995 3
44001 4
44005 3
44009 8
44016 6
44022 5
44027 7
44028 4
44033 7
44034 8
44041 7
44051 8
44053 4
44062 9
44068 6
44074 6
44083 6
44087 9
44089 4
44091 6
44091 10
44091 5
44097 10
44103 6
44113 4
44116 1
44120 9
44125 6
44127 9
44136 3
44142 1
44149 6
44151 2
44157 3
44163 1
44163 6
44165 10
44175 9
44185 2
44190 8
44199 10
44203 5
44207 9
44211 4
44220 7
44222 3
44225 8
44233 3
44241 5
44249 6
44258 7
44264 9
44267 5
44272 8
44282 5
44291 2
44294 6
44301 4
44309 10
44310 1
44311 7
44320 6
44322 6
44327 6
44334 7
44343 9
44350 6
44353 3
44360 7
44360 9
44366 9
44376 7
44386 8
44390 9
44395 1
44395 6
44402 8
44408 3
44409 2
44413 5
44414 1
44414 6
44416 1
44421 9
44430 4
44432 10
44434 6
44435 9
44441 8
44445 5
44452 1
44456 7
44464 4
44473 5
44481 9
44485 7
44485 3
44489 8
44492 6
44501 3
44501 6
44505 3
44513 3
44523 8
44527 1
44528 2
44532 7
44533 1
44533 8
44540 9
44547 5
44554 10
44554 1
44559 3
44566 6
44569 6
44570 4
44576 4
44584 1
44584 9
44587 7
44596 5
44601 7
44607 5
44613 6
44615 4
44616 1
44624 1
44630 2
44631 8
44635 4
44641 10
44648 4
44650 4
44650 8
44652 9
44655 2
44663 10
44672 4
44682 7
44685 10
44689 10
44698 7
44700 3
44700 7
44703 10
44707 6
44714 7
44720 6
44723 6
44723 4
44731 10
44735 9
44742 8
44747 7
44749 2
44757 7
44766 8
44770 3
44777 6
44779 1
44787 1
44793 5
44799 6
44800 8
44803 6
44803 7
44805 9
44809 8
44809 1
44813 3
44816 3
44822 8
44826 6
44836 1
44839 3
44847 7
44852 10
44853 9
44853 5
44858 7
44860 1
44860 1
44863 1
44873 8
44882 5
44887 5
44890 1
44890 10
44890 6
44895 9
44895 2
44904 10
44905 10
44910 9
44910 7
44910 1
44911 10
44913 8
44913 3
44921 3
44924 7
44931 6
44932 3
44941 5
44949 6
44949 5
44950 1
44952 1
44959 3
44960 1
44960 4
44965 8
44965 3
44969 5
44974 5
44979 4
44989 7
44998 10
45007 6
45017 8
45026 10
45027 2
45033 7
45033 4
45037 1
45042 2
45044 4
45048 10
45051 10
45059 3
45064 4
45066 5
45070 9
45074 1
45081 9
45084 8
45093 4
45094 9
45098 1
45101 3
45103 6
45103 10
45109 7
45109 10
45118 7
45122 10
45122 4
45129 2
45135 1
45136 9
45144 5
45147 8
45153 5
45161 10
45166 10
45170 1
45177 8
45182 7
45185 2
45194 2
45197 3
45201 10
45206 10
45208 9
45215 9
45224 10
45227 3
45235 5
45240 6
45243 7
45245 10
45245 1
45253 10
45262 5
45270 8
45279 3
45284 10
45285 6
45285 6
45294 10
45295 1
45302 1
45310 9
45320 5
45328 3
45336 10
45344 1
45350 1
45350 2
45352 2
45359 3
45366 10
45367 7
45377 5
45383 1
45388 1
45390 7
45399 9
45401 10
45409 2
45410 5
45417 3
45426 6
45428 6
45430 1
45434 7
45436 3
45442 9
45445 3
45446 5
45455 10
45458 7
45461 10
45469 3
45478 9
45480 4
45486 10
45492 7
45499 1
45508 3
45514 10
45515 6
45525 9
45533 5
45543 9
45553 5
45555 10
45561 6
45562 9
45569 1
45573 8
45580 1
45584 1
45594 4
45599 2
45603 6
45611 9
45618 7
45619 9
45628 9
45631 5
45635 7
45642 9
45648 4
45657 3
45664 5
45672 9
45678 1
45680 5
45690 3
45692 3
45697 10
45702 3
45705 1
45712 2
45714 7
45720 3
45721 10
45722 8
45731 9
45739 1
45747 4
45752 1
45757 1
45765 9
45775 2
45779 4
45783 4
45789 1
45792 6
45799 5
45799 1
45807 9
45807 2
45814 7
45821 1
45823 7
45830 9
45838 10
45846 4
45850 5
45860 1
45869 1
45872 8
45880 3
45883 7
45888 9
45888 8
45891 1
45901 10
45909 4
45910 8
45920 7
45920 9
45928 8
45935 6
45937 4
45941 4
45946 4
45950 8
45959 5
45962 7
45971 5
45975 7
45977 7
45984 6
45993 7
46001 2
46002 1
46012 1
46016 6
46024 4
46034 3
46042 4
46049 9
46054 6
46058 10
46065 10
46074 10
46075 3
46079 3
46080 8
46081 2
46089 4
46092 10
46101 4
46102 9
46106 8
46111 5
46112 3
46121 7
46126 7
46127 4
46130 3
46130 6
46139 1
46148 4
46152 9
46157 6
46164 1
46170 7
46175 4
46184 2
46190 10
46196 5
46199 10
46199 2
46202 10
46208 7
46217 10
46223 1
46230 4
46235 9
46235 5
46245 6
46251 3
46251 1
46251 1
46257 9
46257 10
46266 6
46268 7
46274 10
46282 6
46291 4
46295 9
46295 7
46302 3
46310 7
46311 1
46321 5
46328 10
46331 3
46338 9
46348 4
46355 8
46362 10
46365 10
46375 4
46375 6
46379 2
46387 6
46388 10
46393 6
46400 7
46410 2
46419 3
46421 8
46423 3
46430 7
46432 6
46438 7
46444 10
46452 5
46461 1
46461 3
46461 6
46463 2
46472 9
46478 3
46486 5
46495 8
46495 8
46499 3
46505 5
46506 7
46506 5
46508 7
46513 1
46523 8
46530 5
46533 4
46538 1
46543 8
46551 4
46558 8
46562 7
46572 10
46576 4
46580 7
46580 3
46583 10
46593 9
46599 2
46602 2
46607 3
46608 2
46613 7
46622 6
46630 4
46638 8
46639 3
46647 1
46649 3
46659 6
46666 6
46673 5
46683 8
46685 4
46691 6
46697 7
46698 3
46702 8
46703 3
46706 9
46714 8
46724 9
46734 5
46737 3
46741 7
46743 9
46746 1
46752 8
46752 7
46757 6
46767 9
46771 2
46777 3
46782 6
46792 6
46794 3
46802 2
46802 4
46808 4
46810 6
46817 10
46825 1
46835 6
46845 8
46853 2
46859 6
46861 9
46867 7
46873 10
46875 8
46885 7
46895 9
46897 2
46905 8
46908 3
46914 4
46914 1
46921 2
46926 5
46935 1
46943 3
46950 2
46950 7
46955 4
46959 1
46959 2
46966 2
46970 9
46977 7
46980 10
46987 4
46993 3
47003 3
47009 2
47014 4
47016 7
47022 4
47023 1
47023 7
47024 7
47033 8
47034 5
47041 3
47041 3
47041 2
47049 1
47059 9
47059 2
47064 8
47074 9
47082 9
47082 1
47089 6
47096 3
47099 10
47104 10
47109 2
47112 7
47117 8
47117 6
47121 3
47121 9
47121 9
47129 3
47134 5
47136 9
47141 10
47141 7
47143 3
47146 9
47148 2
47151 10
47151 4
47155 1
47162 7
47162 3
47172 3
47182 3
47191 3
47193 9
47193 1
47195 2
47200 10
47203 7
47211 2
47219 6
47220 6
47223 8
47226 3
47231 2
47239 7
47246 3
47249 7
47251 3
47261 3
47264 8
47269 3
47270 7
47277 9
47278 6
47284 1
47286 5
47294 1
47299 6
47309 4
47317 8
47319 3
47319 2
47324 7
47331 2
47336 8
47336 6
47338 10
47346 5
47348 7
47358 10
47364 6
47366 6
47370 9
47371 4
47376 1
47383 4
47393 3
47395 7
47404 2
47408 9
47412 7
47413 2
47416 9
47418 5
47423 10
47433 6
47442 9
47445 4
47452 5
47454 2
47464 2
47468 1
47470 4
47479 4
47479 4
47481 7
47486 9
47494 1
47504 6
47505 5
47513 1
47518 2
47518 3
47525 1
47532 8
47536 5
47540 10
47540 5
47540 3
47543 10
47552 3
47553 2
47557 6
47565 1
47570 9
47575 8
47581 9
47587 3
47589 9
47598 3
47606 8
47610 8
47616 3
47617 2
47617 2
47620 4
47625 8
47634 8
47634 9
47644 6
47645 9
47648 10
47648 7
47648 10
47655 8
47655 3
47662 10
47663 4
47667 4
47674 10
47679 8
47680 3
47681 2
47688 10
47692 4
47694 1
47702 3
47702 10
47712 6
47721 5
47729 3
47736 2
47744 9
47750 8
47757 3
47763 3
47772 5
47781 7
47785 8
47791 10
47801 6
47801 4
47810 3
47811 6
47821 5
47821 5
47825 10
47825 1
47825 6
47826 4
47828 10
47836 10
47846 2
47853 1
47862 8
47870 4
47877 3
47878 1
47885 2
47886 7
47894 1
47895 5
47901 10
47911 1
47912 7
47913 7
47918 3
47920 1
47920 6
47924 7
47934 3
47938 9
47944 8
47953 3
47957 9
47961 7
47970 2
47980 10
47981 2
47990 10
47998 8
48005 6
48012 5
48013 6
48017 9
48021 8
48024 5
48029 9
48030 4
48037 6
48038 1
48042 3
48044 9
48044 7
48054 7
48059 9
48065 3
48071 6
48077 2
48085 1
48085 7
48085 5
48093 3
48103 8
48110 9
48113 3
48118 8
48121 5
48128 1
48137 5
48145 8
48155 5
48157 9
48161 1
48161 5
48169 6
48170 9
48170 7
48171 9
48178 1
48180 8
48183 8
48183 8
48183 5
48189 5
48190 9
48199 4
48207 6
48211 4
48218 8
48219 1
48229 4
48239 7
48248 3
48257 7
48266 1
48266 6
48272 2
48278 3
48282 5
48282 7
48288 1
48290 7
48298 8
48298 6
48305 2
48310 10
48311 8
48315 8
48320 2
48320 6
48321 9
48323 5
48331 8
48340 8
48347 5
48352 8
48356 6
48366 6
48376 7
48379 10
48380 1
48380 7
48382 9
48391 10
48396 2
48402 7
48410 8
48419 5
48420 9
48426 2
48427 8
48433 2
48438 4
48442 9
48444 4
48453 2
48455 2
48457 5
48457 5
48465 4
48474 9
48483 8
48491 4
48491 4
48492 6
48496 9
48498 5
48504 1
48504 3
48511 2
48513 1
48517 3
48518 1
48524 6
48528 3
48533 3
48538 3
48545 1
48545 6
48555 2
48555 1
48556 7
48566 3
48571 5
48574 7
48574 4
48579 1
48586 3
48595 5
48601 10
48605 1
48611 10
48614 3
48622 2
48630 7
48631 10
48637 4
48641 4
48649 6
48650 5
48657 8
48661 4
48665 8
48672 3
48673 8
48679 3
48681 5
48681 4
48691 4
48695 9
48704 8
48705 1
48713 8
48719 1
48719 4
48721 7
48728 8
48736 3
48740 8
48743 3
48747 8
48755 4
48761 8
48768 1
48768 1
48769 5
48773 8
48774 3
48776 1
48779 10
48779 10
48789 9
48798 8
48804 8
48811 10
48814 3
48818 6
48820 1
48824 4
48825 8
48830 3
48831 6
48841 1
48849 9
48855 2
48859 9
48863 6
48873 4
48881 2
48891 1
48893 4
48893 1
48893 10
48894 6
48899 6
48906 10
48907 9
48914 10
48923 6
48925 2
48928 8
48933 5
48939 1
48942 7
48950 3
48953 7
48956 1
48957 9
48958 10
48965 4
48967 10
48971 4
48972 2
48974 10
48977 4
48985 1
48991 5
48998 6
49004 6
49005 10
49005 1
49006 8
49008 3
49014 3
49015 3
49023 8
49028 5
49031 2
49031 7
49041 8
49048 8
49051 2
49060 6
49060 8
49069 1
49076 3
49079 5
49080 3
49087 9
49094 3
49101 7
49111 4
49113 6
49117 9
49122 10
49123 3
49130 7
49140 10
49141 3
49148 5
49148 6
49154 5
49162 8
49166 1
49176 8
49176 6
49178 8
49181 6
49191 6
49194 6
49201 2
49204 4
49209 5
49216 10
49216 2
49218 3
49219 2
49227 1
49227 8
49237 6
49247 4
49250 2
49255 4
49256 5
49257 1
49263 8
49270 3
49280 3
49288 9
49291 8
49296 10
49303 1
49304 9
49306 4
49310 1
49311 6
49321 4
49321 9
49329 4
49336 9
49342 7
49347 8
49357 4
49367 1
49373 4
49375 3
49384 10
49387 5
49397 3
49407 10
49412 1
49415 2
49417 2
49425 2
49430 5
49436 1
49441 10
49451 5
49453 8
49460 6
49462 4
49467 3
49471 3
49479 6
49489 9
49491 3
49498 10
49506 4
49513 5
49519 8
49525 8
49525 7
49525 8
49534 2
49542 7
49549 5
49559 8
49567 7
49570 9
49572 9
49572 7
49578 7
49586 6
49596 1
49599 8
49603 6
49606 10
49611 3
49611 4
49612 1
49618 5
49623 5
49626 5
49631 6
49637 3
49646 2
49656 7
49664 9
49666 2
49667 6
49667 1
49677 7
49683 4
49685 7
49690 6
49694 2
49702 6
49704 6
49714 8
49721 6
49722 7
49727 3
49732 1
49741 8
49747 1
49747 6
49748 8
49753 4
49755 2
49755 2
49763 9
49767 1
49777 4
49783 7
49783 9
49791 4
49793 2
49793 1
49794 6
49796 9
49801 6
49801 2
49802 5
49811 6
49821 4
49830 6
49840 7
49842 9
49846 5
49849 2
49855 10
49856 2
49856 1
49859 7
49868 4
49876 8
49881 10
49886 4
49886 5
49892 3
49901 2
49906 5
49908 5
49912 9
49912 1
49918 5
49923 7
49923 4
49929 10
49934 6
49939 7
49943 4
49952 6
49955 2
49964 7
49967 1
49977 5
49979 8
49981 1
49987 1
49987 8
49993 4
49998 1
50006 2
50013 1
50016 4
50019 7
50029 8
50030 5
50034 2
50042 7
50046 4
50050 10
50056 1
50057 1
50063 4
50073 8
50075 4
50082 8
50083 3
50083 7
50085 9
50092 5
50094 6
50094 7
50102 2
50105 3
50107 6
50113 10
50114 4
50122 1
50127 10
50133 6
50139 9
50144 3
50147 5
50156 8
50165 5
50166 1
50168 3
50174 9
50182 1
50190 3
50192 6
50199 4
50205 5
50213 6
50221 3
50227 2
50230 8
50238 5
50242 6
50249 7
50258 8
50260 1
50269 5
50274 7
50276 5
50278 3
50279 4
50284 8
50285 9
50291 5
50294 1
50302 5
50312 1
50322 2
50329 2
50334 5
50334 8
50335 10
50344 8
50345 8
50351 7
50352 1
50352 7
50354 1
50360 8
50366 9
50371 2
50373 7
50379 3
50383 9
50387 1
50392 7
50393 9
50403 3
50403 5
50410 10
50420 4
50421 5
50425 5
50425 9
50432 3
50439 1
50446 2
50456 7
50465 1
50474 5
50483 9
50485 1
50493 7
50499 8
50507 7
50508 6
50517 1
50524 3
50527 7
50535 8
50545 10
50550 5
50560 1
50563 10
50568 10
50576 3
50581 6
50589 9
50599 10
50605 7
50607 7
50609 6
50619 2
50619 4
50624 1
50631 8
50640 3
50647 3
50650 5
50653 5
50655 7
50662 3
50671 4
50677 7
50684 1
50684 8
50691 7
50699 4
50699 5
50705 7
50707 1
50712 5
50714 6
50723 9
50723 1
50723 5
50723 4
50728 3
50730 2
50730 1
50739 6
50742 9
50742 5
50743 1
50750 2
50751 4
50759 10
50767 9
50773 7
50776 8
50783 2
50789 9
50798 3
50800 5
50810 2
50815 6
50825 7
50828 10
50835 8
50841 2
50849 8
50858 4
50859 9
50859 8
50859 1
50860 5
50865 9
50865 1
50871 7
50871 7
50871 10
50874 9
50884 8
50892 9
50897 2
50903 7
50912 1
50915 10
50922 3
50925 6
50928 5
50937 8
50946 6
50953 10
50960 5
50969 3
50969 9
50976 4
50978 3
50982 6
50987 8
50994 6
50994 5
50995 9
50995 7
50995 4
51001 7
51010 9
51015 3
51020 7
51020 5
51028 5
51038 2
51038 4
51042 4
51050 1
51050 4
51051 1
51052 5
51056 8
51060 3
51061 5
51061 6
51061 4
51064 3
51070 9
51075 1
51077 3
51080 5
51083 9
51086 8
51091 9
51091 6
51091 10
51096 10
51105 3
51114 2
51119 3
51127 3
51129 9
51135 10
51135 4
51144 4
51144 3
51147 5
51153 8
51163 1
51169 4
51173 9
51182 8
51182 2
51186 2
51189 10
51194 2
51202 3
51210 8
51213 1
51213 3
51222 1
51231 4
51233 9
51237 1
51239 9
51249 9
51253 1
51254 7
51255 8
51256 7
51264 3
51265 2
51266 10
51273 1
51276 5
51278 6
51283 2
51291 6
51294 2
51299 1
51309 5
51319 1
51329 7
51335 9
51337 7
51339 5
51340 4
51343 9
51352 7
51356 6
51360 4
51367 10
51370 4
51372 8
51379 5
51386 8
51395 1
51401 6
51405 10
51411 2
51419 10
51421 9
51428 4
51437 8
51440 8
51442 3
51447 8
51452 8
51456 10
51466 7
51468 5
51468 7
51478 6
51485 3
51492 9
51497 3
51505 4
51513 5
51523 10
51533 8
51539 9
51547 9
51555 5
51560 10
51566 3
51574 3
51583 3
51591 5
51593 3
51602 5
51607 7
51615 3
51623 2
51631 8
51631 10
51636 3
51641 7
51645 5
51646 1
51647 7
51648 1
51652 4
51655 10
51661 4
51664 9
51672 6
51676 1
51676 4
51684 4
51690 8
51693 8
51703 3
51703 2
51712 4
51721 3
51728 8
51731 3
51736 1
51745 1
51750 5
51760 5
51768 6
51772 10
51775 10
51779 4
51784 1
51790 8
51790 4
51796 2
51802 4
51807 2
51817 2
51817 3
51827 8
51828 7
51835 5
51839 6
51840 10
51840 3
51848 3
51858 10
51865 1
51870 7
51880 8
51882 6
51882 7
51885 3
51885 2
51887 9
51896 1
51897 5
51907 9
51917 8
51918 9
51921 3
51922 3
51931 7
51934 2
51937 9
51939 4
51940 4
51948 4
51948 9
51954 4
51959 8
51960 5
51970 2
51979 4
51988 7
51993 5
51999 5
52007 2
52007 2
52014 6
52024 6
52028 8
52038 2
52043 8
52050 8
52060 10
52063 8
52070 9
52079 1
52087 3
52089 8
52092 7
52098 8
52108 4
52118 2
52122 3
52123 2
52123 7
52131 2
52139 7
52143 8
52149 9
52154 2
52161 9
52163 3
52167 10
52171 2
52181 3
52187 5
52197 2
52198 9
52200 4
52210 7
52210 8
52214 9
52214 10
52214 2
52214 6
52217 6
52221 9
52229 6
52239 9
52242 6
52249 3
52253 9
52254 7
52262 2
52267 1
52269 5
52272 6
52279 4
52280 2
52284 4
52294 2
52299 2
52299 9
52306 1
52306 8
52310 10
52314 8
52324 6
52324 9
52332 9
52334 4
52338 9
52342 9
52348 8
52353 2
52356 10
52361 1
52364 6
52372 2
52374 8
52380 5
52390 3
52392 9
52398 2
52402 6
52406 10
52415 7
52415 4
52420 3
52424 9
52427 3
52427 9
52429 1
52438 5
52439 3
52443 3
52448 4
52456 6
52466 4
52471 3
52471 9
52480 3
52483 1
52491 3
52493 8
52498 10
52504 3
52512 8
52519 6
52522 7
52527 6
52530 2
52536 7
52538 3
52546 3
52552 4
52556 6
52559 9
52559 5
52559 2
52569 5
52572 5
52581 3
52590 5
52597 3
52597 1
52602 6
52609 9
52618 8
52622 6
52625 7
52627 5
52628 7
52638 1
52639 7
52649 4
52652 7
52662 3
52665 1
52669 9
52677 9
52684 6
52688 2
52688 10
52698 9
52708 1
52708 5
52714 9
52715 2
52725 4
52726 5
52736 1
52736 9
52737 1
52744 9
52752 7
52760 10
52762 5
52768 9
52772 2
52775 10
52779 6
52780 1
52782 10
52784 4
52786 1
52793 4
52799 10
52808 4
52815 4
52817 4
52822 4
52828 5
52837 6
52842 2
52843 4
52845 5
52854 9
52857 4
52858 8
52866 1
52873 9
52874 2
52882 8
52891 10
52893 9
52897 2
52903 8
52911 10
52917 3
52923 6
52933 5
52942 8
52952 7
52958 1
52961 1
52963 7
52967 9
52968 1
52969 4
52969 1
52976 7
52981 4
52982 2
52987 10
52993 9
52993 1
53000 8
53002 9
53008 10
53010 10
53019 6
53027 3
53034 5
53035 3
53040 6
53048 3
53052 7
53053 7
53059 3
53066 3
53069 6
53073 6
53074 2
53084 6
53094 7
53098 4
53103 3
53112 7
53119 4
53124 8
53134 4
53134 3
53136 7
53141 9
53143 10
53148 4
53152 7
53153 7
53153 7
53163 2
53164 1
53167 6
53170 5
53171 5
53179 4
53179 9
53184 3
53193 8
53199 3
53201 2
53201 10
53203 8
53206 5
53213 5
53222 9
53231 7
53239 3
53240 7
53242 7
53250 8
53255 4
53260 9
53262 2
53267 8
53269 6
53275 7
53275 5
53277 5
53283 9
53286 4
53295 7
53297 10
53307 4
53309 1
53311 6
53319 1
53322 9
53324 8
53327 9
53330 5
53330 6
53331 4
53332 8
53342 4
53348 9
53357 6
53366 9
53375 8
53377 1
53383 5
53392 1
53399 9
53402 7
53409 10
53413 4
53420 2
53424 10
53424 3
53431 4
53441 4
53448 5
53452 2
53459 8
53459 9
53469 1
53478 9
53485 9
53492 3
53494 7
53497 5
53506 1
53512 1
53515 2
53519 8
53529 1
53537 1
53537 4
53537 9
53539 5
53541 1
53544 2
53551 10
53555 10
53563 10
53566 8
53574 8
53583 1
53584 10
53589 2
53597 10
53604 10
53613 8
53621 6
53621 5
53627 8
53635 7
53635 10
53643 3
53647 1
53655 9
53659 9
53667 8
53673 7
53674 6
53675 5
53676 2
53680 10
53681 8
53687 9
53693 7
53694 2
53702 9
53705 2
53709 4
53717 7
53722 4
53727 9
53730 8
53739 1
53747 6
53749 2
53755 1
53761 10
53765 10
53772 4
53772 10
53772 10
53781 8
53781 10
53791 6
53793 4
53803 5
53807 3
53814 10
53818 10
53819 10
53820 4
53830 4
53833 9
53840 6
53850 10
53854 9
53854 2
53864 3
53867 10
53874 3
53874 1
53883 8
53888 4
53892 6
53898 4
53899 5
53900 8
53901 5
53901 3
53911 1
53912 5
53917 5
53921 9
53923 1
53924 7
53933 3
53934 4
53938 3
53938 1
53940 1
53942 7
53942 6
53944 6
53947 2
53955 1
53961 4
53965 5
53966 3
53968 6
53971 10
53980 10
53983 4
53990 6
53995 3
53999 7
53999 3
54006 1
54011 1
54021 9
54029 8
54035 6
54040 6
54043 10
54050 4
54055 4
54059 1
54069 9
54071 1
54074 1
54074 5
54074 9
54074 2
54083 8
54087 8
54087 6
54092 8
54094 9
54098 4
54101 4
54107 7
54114 1
54124 5
54129 1
54139 6
54146 1
54148 10
54156 8
54158 1
54161 5
54164 2
54168 5
54174 2
54178 4
54187 3
54194 3
54196 7
54198 7
54205 4
54206 9
54209 10
54212 3
54213 1
54217 2
54223 7
54229 10
54234 8
54235 10
54239 1
54247 6
54255 2
54258 5
54263 4
54270 10
54280 10
54285 10
54286 10
54290 1
54298 5
54300 2
54300 1
54307 3
54310 1
54313 9
54323 7
54327 7
54328 5
54328 8
54338 4
54342 6
54344 9
54350 5
54357 10
54360 10
54363 9
54365 8
54372 8
54377 9
54380 4
54383 1
54388 5
54392 10
54393 2
54403 10
54404 7
54410 1
54410 5
54414 5
54421 2
54430 1
54437 8
54437 3
54443 10
54445 6
54455 1
54460 5
54460 7
54467 8
54470 2
54470 5
54476 5
54478 5
54481 2
54491 4
54501 4
54508 7
54511 5
54520 1
54529 3
54532 10
54535 5
54543 2
54548 10
54551 2
54556 9
54562 1
54567 5
54570 3
54572 8
54577 3
54584 3
54590 7
54596 1
54600 1
54602 2
54612 10
54614 6
54621 9
54630 6
54630 7
54630 10
54632 10
54634 7
54634 2
54639 9
54643 7
54649 7
54656 10
54658 9
54662 4
54667 2
54675 10
54683 10
54692 3
54692 2
54699 1
54701 8
54703 4
54704 2
54711 2
54717 4
54719 5
54727 3
54727 1
54735 5
54737 7
54739 3
54744 6
54744 7
54745 7
54754 9
54754 10
54757 8
54760 4
54761 5
54771 3
54777 6
54783 1
54792 4
54793 3
54797 10
54801 10
54801 8
54803 6
54813 5
54813 6
54822 10
54829 10
54838 4
54844 10
54847 9
54853 9
54856 2
54858 4
54859 3
54861 6
54865 8
54875 7
54879 2
54880 3
54882 5
54891 8
54899 8
54900 3
54901 2
54904 1
54911 5
54912 8
54916 1
54922 4
54926 1
54936 10
54940 6
54948 5
54956 10
54962 2
54969 8
54979 10
54987 7
54993 9
54995 5
55004 2
55007 2
55012 8
55012 4
55013 10
55022 1
55030 5
55036 7
55040 4
55041 10
55041 1
55043 5
55052 6
55059 5
55063 1
55063 7
55069 1
55069 5
55075 4
55076 2
55077 4
55081 4
55087 10
55097 3
55107 9
55114 10
55118 2
55124 1
55129 8
55132 5
55139 6
55147 6
55148 1
55150 8
55156 9
55158 8
55166 3
55166 6
55166 4
55176 8
55182 1
55187 5
55190 3
55198 4
55207 1
55211 2
55211 1
55216 6
55223 8
55231 6
55237 5
55240 4
55242 8
55245 2
55246 9
55256 7
55263 9
55267 4
55270 9
55275 7
55285 8
55290 9
55297 8
55297 8
55301 2
55302 5
55305 10
55313 5
55322 9
55327 1
55328 8
55331 9
55336 1
55339 2
55347 2
55354 10
55358 8
55364 9
55372 7
55374 2
55384 1
55391 5
55398 7
55402 8
55405 7
55405 7
55415 9
55423 5
55423 8
55433 10
55439 5
55441 1
55443 10
55450 1
55460 7
55469 7
55479 1
55486 10
55491 2
55500 6
55504 8
55514 7
55516 8
55519 7
55522 8
55530 9
55534 6
55539 8
55544 10
55547 4
55552 1
55561 6
55563 2
55571 9
55573 5
55576 6
55579 10
55586 2
55592 2
55596 6
55606 5
55610 2
55619 4
55625 8
55631 6
55636 3
55642 2
55645 8
55652 7
55655 3
55660 7
55662 9
55666 1
55676 5
55680 10
55685 2
55686 7
55688 4
55691 4
55701 6
55706 4
55714 9
55720 10
55727 5
55727 8
55734 2
55735 6
55745 2
55748 3
55758 1
55766 10
55774 6
55783 8
55790 7
55796 5
55796 4
55804 4
55804 9
55811 1
55812 2
55815 1
55824 2
55824 6
55832 5
55834 1
55840 9
55850 8
55859 8
55869 8
55877 8
55886 8
55888 3
55890 4
55896 4
55902 4
55906 3
55907 1
55907 4
55913 9
55916 3
55920 3
55925 2
55925 9
55933 6
55937 5
55939 9
55949 6
55954 3
55957 3
55966 3
55973 6
55978 4
55978 3
55986 3
55988 6
55989 5
55996 9
56001 2
56007 7
56011 3
56016 2
56016 2
56022 3
56026 7
56029 7
56035 2
56035 10
56039 9
56041 5
56041 6
56051 9
56059 1
56062 8
56063 4
56063 1
56072 6
56078 10
56085 4
56095 7
56102 10
56111 4
56121 6
56130 10
56133 9
56137 8
56142 5
56144 6
56152 5
56152 2
56154 10
56162 6
56165 10
56170 7
56171 8
56178 5
56184 8
56192 10
56192 5
56199 1
56205 5
56210 10
56212 6
56220 10
56229 1
56233 10
56239 7
56247 8
56249 2
56256 10
56261 10
56271 8
56275 4
56278 2
56279 9
56283 6
56292 3
56296 6
56306 2
56313 2
56323 10
56329 4
56339 7
56341 3
56343 10
56343 9
56351 8
56356 5
56359 6
56363 3
56368 1
56376 1
56378 6
56379 4
56381 4
56387 1
56394 7
56397 10
56398 2
56399 1
56409 6
56418 9
56428 6
56434 6
56439 3
56444 9
56447 1
56447 7
56448 6
56451 6
56460 5
56461 4
56470 5
56476 5
56481 9
56481 6
56489 8
56498 8
56505 10
56513 8
56515 8
56515 7
56515 4
56522 7
56532 4
56534 1
56542 10
56552 1
56553 1
56554 1
56555 4
56563 4
56571 5
56574 7
56583 10
56587 9
56596 1
56597 8
56599 8
56605 6
56610 10
56618 3
56626 2
56631 5
56640 2
56643 10
56648 7
56654 9
56657 8
56661 7
56667 3
56673 8
56675 2
56685 9
56688 1
56692 4
56692 2
56700 10
56707 2
56712 5
56717 5
56720 9
56726 1
56727 3
56733 4
56740 9
56742 8
56747 10
56755 2
56762 2
56768 6
56774 5
56776 4
56778 2
56781 2
56783 8
56784 3
56790 10
56791 5
56793 5
56794 4
56802 9
56809 2
56814 2
56816 10
56818 7
56819 1
56821 3
56830 9
56839 8
56849 3
56857 10
56860 5
56864 9
56874 4
56884 2
56884 9
56894 1
56901 9
56909 5
56911 6
56915 4
56918 5
56921 1
56930 3
56931 8
56939 7
56945 9
56954 2
56956 3
56959 6
56963 5
56970 5
56977 6
56981 9
56991 3
56991 4
56999 2
57004 5
57005 5
57013 3
57022 1
57029 5
57032 4
57032 1
57042 1
57045 4
57048 2
57053 2
57053 5
57053 8
57056 9
57063 8
57073 2
57080 2
57085 10
57085 10
57092 5
57098 2
57106 10
57106 7
57115 8
57115 8
57117 2
57127 7
57127 6
57133 7
57139 8
57149 3
57152 7
57156 5
57162 2
57172 7
57178 2
57186 7
57196 2
57196 4
57196 5
57202 1
57204 7
57204 6
57204 4
57208 5
57214 10
57223 9
57231 5
57236 6
57241 4
57245 4
57250 4
57252 8
57261 6
57270 7
57270 6
57277 8
57282 3
57284 5
57293 6
57302 8
57308 8
57308 3
57316 5
57320 10
57325 1
57326 5
57332 8
57333 10
57338 4
57347 4
57356 2
57358 3
57368 5
57375 3
57382 8
57392 7
57401 2
57403 1
57404 8
57413 6
57413 7
57416 4
57416 3
57423 8
57431 3
57436 1
57443 6
57451 2
57461 3
57463 5
57466 10
57472 9
57480 4
57489 7
57491 10
57493 3
57494 3
57501 4
57506 6
57509 6
57513 7
57518 4
57520 2
57525 6
57525 6
57528 7
57532 7
57535 8
57539 7
57549 4
57552 7
57559 7
57563 9
57566 9
57566 3
57573 3
57583 2
57588 3
57598 6
57608 8
57610 2
57611 7
57620 3
57624 9
57628 7
57634 10
57636 2
57645 7
57646 5
57655 7
57661 3
57665 8
57668 10
57671 7
57675 10
57675 5
57677 2
57687 8
57691 7
57693 8
57698 9
57698 10
57707 2
57715 6
57723 7
57731 7
57740 6
57745 2
57753 6
57755 9
57762 8
57767 5
57767 7
57776 7
57780 9
57788 8
57793 2
57794 4
57798 6
57807 5
57808 3
57809 2
57816 7
57826 4
57826 5
57829 7
57829 8
57833 5
57842 7
57847 7
57857 7
57865 7
57874 4
57877 5
57883 8
57884 5
57890 3
57897 2
57902 4
57905 4
57908 9
57916 4
57925 5
57930 3
57932 10
57939 9
57939 7
57940 8
57943 6
57952 3
57953 4
57957 7
57967 6
57973 5
57975 8
57980 8
57989 2
57996 6
57998 10
58001 9
58011 1
58012 7
58015 5
58018 8
58020 9
58021 5
58021 10
58021 8
58022 3
58024 5
58024 6
58028 8
58037 7
58041 4
58041 5
58044 9
58048 5
58052 3
58055 3
58062 9
58071 4
58080 5
58089 6
58094 9
58095 8
58102 10
58105 9
58113 1
58113 3
58121 6
58128 10
58133 3
58136 6
58139 4
58142 7
58151 1
58157 7
58162 5
58165 1
58165 1
58170 10
58172 4
58177 10
58182 6
58192 10
58193 3
58194 9
58197 7
58199 10
58205 4
58209 6
58210 10
58210 3
58211 7
58217 8
58222 3
58227 1
58234 6
58239 2
58241 8
58241 6
58248 6
58256 6
58258 2
58261 6
58261 5
58271 2
58277 6
58285 9
58285 10
58289 2
58290 3
58290 10
58297 8
58301 3
58307 8
58310 5
58312 5
58313 7
58320 9
58328 2
58337 6
58344 8
58350 10
58357 4
58362 3
58371 2
58379 1
58388 7
58391 9
58395 2
58397 8
58407 1
58410 10
58414 10
58415 2
58418 2
58424 8
58425 9
58428 8
58433 7
58440 2
58449 9
58449 6
58458 1
58463 5
58472 1
58477 3
58483 6
58489 3
58494 2
58503 7
58508 2
58514 6
58517 3
58519 7
58522 7
58530 4
58531 2
58535 2
58541 4
58550 1
58560 10
58570 9
58576 6
58579 3
58588 7
58595 2
58597 8
58604 4
58613 1
58621 3
58625 2
58634 5
58642 4
58642 10
58649 4
58654 5
58661 4
58663 2
58666 5
58667 10
58670 6
58672 3
58678 9
58686 4
58687 9
58687 8
58694 4
58700 6
58710 2
58715 8
58716 6
58718 2
58728 6
58735 1
58741 10
58743 3
58744 2
58753 1
58760 4
58767 3
58775 2
58776 3
58780 6
58786 9
58788 6
58795 3
58803 10
58811 3
58821 10
58828 7
58838 7
58847 9
58857 8
58860 10
58861 4
58864 6
58867 5
58867 5
58868 9
58876 8
58880 10
58881 6
58891 7
58899 6
58899 4
58908 10
58918 5
58924 8
58926 6
58930 8
58934 2
58942 8
58951 2
58952 10
58962 8
58972 3
58982 9
58984 8
58991 7
58993 6
58994 9
58996 2
59002 4
59011 9
59013 9
59020 2
59025 10
59028 9
59036 5
59037 2
59047 7
59055 9
59065 5
59069 4
59076 3
59086 5
59093 6
59099 8
59103 6
59110 2
59112 6
59115 5
59121 3
59129 10
59136 3
59145 9
59154 9
59157 5
59161 7
59170 8
59171 1
59179 4
59186 9
59193 6
59196 9
59201 9
59207 1
59215 2
59215 9
59220 4
59222 6
59232 3
59241 3
59246 8
59254 9
59255 2
59263 10
59268 6
59276 8
59279 3
59282 2
59283 3
59285 7
59294 10
59296 7
59301 8
59304 9
59305 7
59313 10
59313 3
59320 3
59322 9
59331 2
59336 2
59340 7
59343 7
59345 7
59347 3
59357 5
59361 9
59361 8
59364 5
59367 10
59368 8
59376 8
59378 1
59378 7
59384 6
59389 4
59390 10
59395 4
59397 1
59401 7
59410 3
59420 8
59422 6
59431 3
59441 3
59447 4
59454 5
59464 4
59469 4
59478 7
59483 1
59490 9
59499 10
59505 8
59509 3
59510 4
59511 9
59511 10
59518 10
59523 4
59531 8
59535 3
59538 9
59539 10
59547 8
59551 4
59561 5
59565 1
59565 5
59569 10
59574 4
59579 6
59582 8
59588 5
59588 9
59592 8
59600 9
59600 9
59606 1
59608 4
59613 5
59616 10
59621 2
59629 10
59633 8
59638 6
59644 4
59647 4
59657 9
59661 10
59664 10
59672 7
59674 2
59680 10
59685 7
59685 1
59687 1
59687 6
59695 2
59703 1
59713 6
59721 1
59728 1
59736 4
59741 6
59745 10
59753 5
59759 7
59764 2
59771 9
59781 10
59786 3
59792 3
59797 5
59800 5
59802 5
59802 5
59804 4
59811 3
59812 6
59822 5
59829 9
59831 2
59836 4
59839 3
59841 3
59844 4
59845 6
59847 4
59847 3
59852 9
59853 9
59854 6
59854 1
59855 2
59863 2
59865 4
59869 4
59873 5
59882 2
59890 2
59897 2
59902 10
59912 3
59920 1
59928 3
59929 6
59935 5
59935 7
59941 5
59942 7
59951 7
59957 6
59962 9
59972 10
59976 2
59986 5
59992 10
59994 2
60004 10
60005 1
60005 2
60010 7
60010 10
60019 3
60024 5
60031 3
60032 10
60035 3
60044 2
60050 9
60056 7
60056 8
60065 10
60068 9
60068 3
60073 3
60076 6
60081 2
60084 6
60090 4
60092 6
60099 4
60102 5
60108 7
60117 10
60121 1
60125 10
60127 1
60130 9
60140 1
60146 10
60156 6
60156 6
60166 6
60173 3
60180 6
60186 4
60194 7
60204 5
60204 6
60206 1
60215 3
60219 6
60225 1
60229 3
60233 7
60237 8
60243 3
60250 1
60254 9
60262 7
60270 4
60272 4
60274 2
60279 6
60287 5
60289 7
60289 7
60294 1
60304 8
60310 2
60317 1
60322 8
60322 5
60325 1
60325 4
60329 8
60330 2
60340 9
60344 1
60347 5
60348 1
60353 4
60361 7
60363 7
60373 2
60379 9
60384 7
60387 7
60387 7
60394 6
60398 7
60403 1
60405 4
60412 5
60421 7
60428 2
60429 2
60436 4
60436 3
60439 3
60443 8
60444 8
60453 3
60454 8
60463 4
60469 1
60473 8
60482 1
60485 3
60487 7
60488 6
60495 6
60502 5
60512 8
60521 3
60525 3
60534 7
60541 7
60548 7
60549 7
60550 9
60556 1
60563 1
60563 8
60569 8
60577 2
60583 4
60591 4
60593 2
60601 9
60608 7
60608 5
60611 2
60621 1
60623 8
60626 9
60632 10
60638 5
60648 1
60655 6
60660 1
60668 6
60672 10
60672 6
60682 4
60686 6
60692 4
60699 5
60708 4
60713 6
60719 7
60729 1
60731 4
60731 10
60738 9
60740 4
60749 4
60757 5
60761 10
60767 5
60769 3
60774 5
60775 1
60778 4
60783 7
60789 8
60792 6
60801 2
60807 5
60812 2
60814 6
60814 6
60819 6
60819 5
60823 1
60831 10
60832 10
60832 2
60842 3
60852 7
60861 7
60864 5
60870 2
60875 2
60882 10
60883 3
60887 2
60896 10
60906 9
60910 4
60910 5
60914 3
60923 9
60926 8
60932 2
60934 4
60937 8
60941 3
60946 8
60956 9
60962 10
60971 8
60971 10
60977 1
60980 2
60987 6
60993 1
60995 4
61001 5
61004 3
61007 6
61011 5
61018 6
61020 7
61025 4
61025 4
61034 10
61044 5
61048 9
61052 1
61061 2
61070 10
61071 8
61079 2
61081 7
61086 8
61087 2
61097 9
61100 3
61105 4
61115 6
61123 1
61124 1
61128 7
61134 3
61134 2
61141 5
61148 8
61155 9
61156 3
61156 6
61158 9
61158 6
61164 8
61166 6
61166 7
61169 1
61179 7
61179 6
61188 3
61198 2
61206 5
61211 1
61212 9
61217 5
61225 6
61231 3
61235 1
61235 2
61244 9
61251 2
61252 7
61256 6
61259 8
61259 8
61265 2
61273 7
61274 6
61280 1
61290 8
61293 6
61296 1
61301 6
61302 9
61304 4
61307 8
61313 6
61320 10
61321 9
61329 6
61336 10
61343 8
61348 4
61350 7
61359 8
61367 6
61371 6
61375 3
61380 1
61380 4
61383 10
61386 1
61393 6
61396 1
61402 1
61408 3
61410 5
61412 10
61419 4
61425 9
61426 2
61428 4
61428 1
61431 2
61441 8
61450 7
61453 7
61462 7
61472 10
61476 8
61476 6
61480 4
61488 10
61498 10
61507 1
61514 4
61517 3
61520 4
61521 6
61527 8
61533 4
61536 4
61542 2
61547 2
61548 10
61557 5
61561 2
61565 6
61571 3
61575 6
61578 5
61578 9
61584 10
61593 3
61599 1
61606 3
61614 6
61620 3
61628 8
61635 2
61640 6
61649 3
61654 8
61661 9
61663 4
61673 7
61680 8
61688 9
61688 9
61695 6
61703 3
61708 4
61717 6
61725 10
61733 2
61734 10
61741 2
61749 7
61759 2
61766 1
61768 4
61772 7
61777 3
61787 1
61793 8
61803 3
61808 6
61816 3
61826 4
61831 6
61837 5
61846 8
61851 10
61860 7
61860 3
61863 8
61872 3
61882 10
61888 1
61893 2
61895 9
61898 3
61900 2
61906 9
61907 6
61917 3
61922 2
61930 10
61931 6
61931 4
61941 2
61941 8
61949 9
61959 5
61966 7
61968 2
61972 1
61973 3
61973 8
61982 10
61988 6
61995 8
61996 4
62004 9
62013 5
62013 3
62021 6
62026 6
62034 8
62040 9
62045 7
62055 3
62062 4
62067 3
62075 7
62082 6
62089 8
62090 8
62096 2
62105 4
62109 1
62118 5
62123 7
62128 5
62134 1
62137 3
62139 3
62146 8
62148 10
62153 8
62154 5
62155 10
62158 10
62162 8
62172 7
62172 10
62179 1
62182 6
62182 6
62182 5
62187 3
62189 7
62193 2
62197 4
62207 7
62211 10
62220 9
62229 10
62234 10
62242 5
62243 1
62247 3
62252 2
62258 2
62261 10
62269 10
62277 3
62279 3
62287 4
62293 8
62296 10
62301 5
62303 8
62312 1
62317 2
62323 4
62323 3
62323 5
62328 8
62333 7
62333 4
62334 3
62335 2
62343 3
62352 4
62357 6
62366 8
62374 6
62375 8
62378 5
62387 5
62396 4
62404 6
62412 4
62415 8
62422 4
62426 6
62436 10
62446 3
62449 5
62455 3
62461 4
62464 5
62464 1
62469 7
62476 3
62486 5
62494 9
62494 8
62499 7
62506 2
62513 7
62523 8
62526 8
62527 9
62530 2
62540 5
62548 4
62556 4
62559 10
62568 3
62572 2
62573 10
62573 1
62576 3
62577 3
62582 9
62588 4
62590 8
62590 2
62592 5
62600 10
62608 9
62610 7
62620 1
62626 5
62627 3
62630 2
62637 9
62637 1
62644 3
62650 10
62658 4
62661 3
62670 7
62680 1
62683 8
62683 10
62692 9
62696 2
62702 7
62704 4
62711 6
62719 2
62726 3
62736 2
62744 5
62746 10
62752 7
62753 2
62757 6
62762 4
62766 6
62772 4
62776 4
62782 5
62791 3
62794 10
62795 7
62799 7
62804 3
62811 6
62819 2
62823 8
62833 9
62838 10
62844 5
62853 2
62855 1
62863 3
62864 9
62868 7
62869 8
62869 2
62874 8
62882 7
62886 9
62887 10
62887 10
62889 9
62898 10
62898 5
62904 5
62914 5
62923 2
62924 2
62934 6
62941 3
62951 3
62960 1
62968 5
62969 4
62977 4
62978 6
62983 4
62986 3
62995 4
63000 10
63009 8
63017 5
63026 3
63033 9
63033 4
63038 3
63047 9
63057 2
63065 3
63071 10
63071 1
63072 10
63080 1
63085 1
63090 5
63097 1
63097 8
63097 1
63097 3
63102 7
63110 4
63117 7
63121 5
63130 6
63136 4
63141 4
63150 4
63158 3
63166 8
63166 7
63176 7
63181 6
63190 4
63197 3
63207 7
63214 5
63224 4
63233 3
63241 9
63244 7
63253 9
63259 9
63259 5
63260 5
63263 6
63271 6
63276 2
63285 7
63288 7
63296 2
63301 2
63308 7
63315 8
63321 4
63321 4
63323 10
63325 2
63329 6
63339 2
63348 10
63350 5
63350 3
63356 7
63363 2
63365 10
63374 3
63382 2
63389 9
63395 2
63399 5
63406 6
63409 1
63412 7
63421 4
63431 7
63441 10
63451 1
63456 8
63463 3
63464 5
63467 5
63470 6
63470 7
63470 7
63470 9
63479 9
63486 9
63488 2
63494 6
63501 6
63505 2
63510 3
63514 9
63519 4
63527 1
63536 6
63538 6
63545 3
63552 8
63557 6
63567 4
63567 10
63570 5
63572 1
63580 1
63582 5
63586 3
63588 6
63591 1
63597 4
63598 8
63608 1
63609 2
63612 9
63613 6
63614 8
63616 2
63620 2
63629 2
63631 1
63633 2
63640 6
63650 5
63652 9
63656 4
63659 1
63659 4
63665 8
63669 5
63678 8
63683 3
63686 2
63694 8
63703 5
63713 9
63714 5
63719 9
63726 6
63728 4
63735 10
63740 8
63747 4
63753 2
63757 2
63767 10
63768 2
63778 8
63786 10
63795 9
63797 7
63803 8
63813 9
63822 2
63826 3
63829 9
63834 8
63839 6
63849 1
63851 3
63860 9
63863 3
63865 10
63868 4
63874 8
63879 5
63888 10
63898 7
63906 4
63908 3
63916 7
63923 1
63933 2
63933 7
63943 7
63952 6
63954 7
63961 5
63961 3
63962 7
63971 3
63974 5
63977 8
63978 2
63985 1
63992 8
63997 10
64000 3
64002 6
64010 6
64014 5
64022 1
64025 4
64032 9
64042 7
64049 7
64051 1
64052 3
64060 4
64062 9
64064 1
64071 3
64081 6
64087 6
64097 8
64106 7
64111 8
64117 5
64124 6
64133 9
64134 1
64134 2
64136 6
64141 8
64143 9
64145 5
64148 4
64156 4
64161 6
64171 4
64174 1
64182 9
64184 9
64189 1
64193 9
64195 7
64201 3
64208 3
64210 5
64213 10
64219 10
64223 5
64226 3
64233 5
64235 6
64237 4
64238 1
64241 8
64250 8
64260 9
64269 6
64275 8
64276 5
64282 10
64292 4
64297 3
64300 7
64310 1
64320 6
64321 10
64331 5
64337 1
64344 7
64345 10
64348 7
64353 2
64361 4
64361 3
64371 3
64373 9
64379 5
64388 2
64392 2
64392 1
64392 8
64394 10
64395 5
64402 1
64406 7
64416 8
64420 7
64425 8
64428 10
64428 1
64430 5
64435 9
64440 4
64440 2
64450 3
64450 5
64460 6
64465 4
64475 4
64480 4
64488 4
64494 7
64503 2
64506 3
64511 4
64521 4
64522 3
64531 9
64537 5
64539 6
64546 3
64546 8
64547 3
64552 1
64559 6
64569 10
64570 5
64575 1
64580 1
64587 8
64595 7
64595 6
64604 6
64607 10
64612 7
64617 10
64623 6
64628 1
64636 2
64642 8
64647 7
64653 10
64662 4
64666 8
64670 7
64677 10
64684 9
64693 6
64696 3
64701 7
64706 3
64713 3
64715 7
64720 10
64730 8
64733 7
64735 5
64745 7
64750 9
64750 1
64754 1
64763 10
64765 10
64765 7
64771 4
64772 5
64775 5
64784 8
64792 4
64796 1
64798 7
64807 7
64808 6
64809 8
64818 10
64820 1
64824 2
64824 3
64829 8
64839 7
64843 7
64853 1
64859 2
64860 4
64860 8
64866 9
64874 6
64877 6
64885 9
64887 8
64888 6
64895 1
64896 3
64897 2
64903 5
64908 3
64917 3
64922 5
64923 4
64925 2
64934 5
64944 8
64954 7
64956 4
64960 9
64961 6
64966 3
64975 6
64976 2
64977 6
64985 9
64989 2
64999 5
65005 8
65008 8
65018 3
65022 10
65030 4
65040 7
65047 7
65047 10
65052 3
65052 3
65052 10
65054 7
65060 3
65065 6
65075 7
65082 3
65082 2
65092 4
65094 4
65098 5
65102 3
65106 5
65109 10
65112 6
65122 1
65122 10
65126 3
65126 6
65132 2
65139 2
65144 7
65152 3
65154 4
65163 3
65173 2
65181 5
65185 2
65195 8
65202 7
65204 4
65207 2
65211 8
65211 10
65213 2
65216 8
65216 2
65226 6
65235 3
65238 3
65239 7
65247 7
65250 3
65259 2
65265 10
65266 4
65274 7
65282 8
65290 2
65290 1
65293 2
65299 7
65307 5
65316 9
65322 3
65332 5
65334 8
65335 4
65341 1
65344 1
65345 6
65350 5
65355 2
65360 8
65368 6
65378 9
65382 7
65392 4
65402 8
65408 9
65414 8
65420 5
65421 5
65421 6
65426 4
65430 7
65435 3
65445 3
65452 9
65462 10
65467 9
65467 5
65477 6
65486 9
65487 4
65495 7
65502 3
65506 7
65514 10
65523 4
65528 1
65534 3
65541 6
65547 8
65553 6
65558 10
65568 8
65574 2
65574 4
65577 10
65582 8
65592 10
65593 8
65599 1
65602 10
65602 9
65607 7
65612 5
65619 8
65622 8
65624 1
65634 7
65635 5
65642 5
65648 10
65652 7
65661 1
65671 1
65673 1
65681 6
65689 8
65698 4
65699 6
65709 9
65709 1
65718 8
65727 8
65730 5
65739 5
65748 2
65758 4
65762 5
65763 3
65768 5
65774 9
65778 9
65786 5
65787 3
65790 3
65794 7
65796 3
65803 8
65809 1
65815 6
65822 4
65832 1
65836 6
65837 4
65841 3
65847 4
65853 9
65863 8
65873 7
65883 6
65892 6
65896 4
65898 7
65907 10
65911 4
65913 4
65919 3
65923 7
65923 2
65927 7
65934 9
65934 6
65937 4
65940 3
65947 6
65947 9
65948 2
65950 1
65960 4
65970 9
65972 7
65975 7
65985 9
65990 9
66000 4
66000 3
66004 6
66010 4
66016 2
66021 1
66026 6
66032 1
66039 5
66045 8
66052 4
66060 1
66062 9
66065 1
66070 4
66078 8
66083 5
66091 5
66097 9
66099 4
66107 4
66107 10
66107 8
66114 7
66115 4
66123 6
66126 4
66129 8
66131 8
66134 3
66135 10
66136 10
66140 2
66143 7
66143 5
66152 4
66162 6
66171 9
66173 8
66174 1
66177 3
66185 9
66187 4
66192 3
66194 6
66203 4
66207 7
66215 2
66222 9
66229 3
66230 10
66232 3
66232 3
66238 4
66239 9
66242 2
66246 1
66252 2
66260 8
66266 7
66273 10
66283 4
66283 3
66290 5
66294 5
66304 8
66308 6
66309 2
66318 4
66323 8
66324 10
66324 9
66329 1
66336 5
66341 5
66349 7
66352 3
66362 1
66367 4
66375 9
66381 7
66381 5
66385 7
66389 10
66395 3
66395 6
66396 1
66405 5
66409 8
66415 3
66419 3
66429 8
66429 10
66435 1
66437 8
66437 5
66443 7
66449 6
66458 7
66458 9
66463 6
66471 4
66480 2
66490 1
66490 10
66490 2
66496 5
66502 9
66506 3
66514 8
66515 10
66515 6
66520 1
66523 6
66527 10
66528 8
66530 2
66530 5
66536 2
66538 3
66542 1
66546 7
66556 7
66561 8
66571 5
66576 2
66585 9
66588 7
66588 10
66588 7
66597 9
66607 9
66607 9
66615 4
66625 1
66631 3
66632 4
66642 7
66650 5
66660 1
66665 3
66668 8
66668 1
66670 3
66671 7
66673 4
66674 5
66680 7
66690 7
66694 6
66697 10
66705 10
66714 9
66724 6
66734 4
66735 4
66739 2
66742 8
66742 6
66742 5
66745 10
66752 1
66752 10
66759 2
66764 10
66770 4
66779 8
66788 3
66788 3
66789 1
66795 9
66795 5
66801 7
66809 4
66814 5
66818 6
66824 8
66827 2
66829 4
66830 6
66836 3
66838 4
66838 6
66848 8
66854 8
66861 7
66861 4
66870 6
66876 4
66886 5
66887 10
66894 3
66894 7
66902 5
66905 1
66910 5
66916 1
66918 4
66923 5
66925 7
66934 3
66944 10
66945 5
66946 9
66947 7
66952 7
66954 5
66957 3
66963 7
66966 5
66976 9
66985 3
66986 8
66993 6
66999 10
67001 8
67007 6
67017 1
67022 4
67023 9
67024 4
67026 9
67029 8
67032 2
67036 10
67042 5
67051 8
67055 9
67055 4
67057 1
67067 10
67074 7
67076 5
67083 7
67088 10
67098 3
67098 4
67103 4
67106 3
67115 9
67124 5
67133 5
67140 10
67144 9
67147 3
67157 8
67164 9
67166 8
67166 6
67167 5
67171 1
67178 10
67187 9
67191 9
67195 10
67204 8
67211 10
67218 9
67227 10
67233 5
67236 6
67245 7
67245 1
67249 8
67256 1
67256 2
67260 3
67261 10
67266 6
67269 7
67275 5
67284 3
67292 9
67293 8
67303 10
67306 2
67307 6
67317 10
67327 3
67333 5
67340 5
67345 9
67355 1
67357 1
67367 7
67376 7
67379 2
67383 8
67391 2
67393 9
67403 1
67411 7
67414 2
67420 6
67427 6
67434 2
67438 2
67441 10
67445 9
67450 4
67456 8
67461 8
67467 1
67475 10
67476 4
67482 2
67486 2
67493 1
67500 7
67508 2
67509 2
67515 6
67517 4
67525 9
67533 6
67539 10
67540 2
67540 3
67546 6
67552 5
67557 2
67562 6
67565 7
67566 10
67569 6
67569 7
67569 7
67579 3
67588 9
67593 5
67597 4
67605 1
67614 3
67623 1
67625 7
67635 8
67638 5
67639 6
67643 3
67645 6
67645 10
67645 8
67652 7
67652 8
67655 3
67665 3
67668 9
67678 5
67680 7
67685 1
67694 1
67702 4
67709 5
67713 10
67713 7
67720 8
67728 2
67737 4
67739 8
67745 5
67745 8
67755 6
67756 9
67759 8
67761 6
67763 2
67772 10
67781 5
67789 4
67793 4
67799 4
67805 10
67808 9
67812 3
67812 6
67822 6
67824 3
67826 2
67831 5
67834 9
67844 1
67848 9
67851 7
67851 5
67854 3
67860 4
67861 2
67862 1
67867 7
67867 8
67868 1
67870 9
67874 8
67879 9
67887 2
67888 5
67897 1
67897 4
67906 9
67915 10
67916 10
67925 9
67931 7
67939 3
67949 3
67952 10
67953 4
67954 9
67962 2
67963 8
67973 7
67981 7
67987 8
67994 5
67998 9
68000 1
68010 7
68019 1
68026 9
68027 3
68035 4
68037 7
68044 3
68045 4
68053 5
68058 9
68058 4
68068 8
68074 6
68081 1
68091 8
68095 6
68103 1
68103 2
68107 10
68115 3
68118 7
68126 6
68126 7
68126 7
68133 2
68143 3
68147 4
68157 8
68162 6
68169 8
68174 10
68183 9
68192 9
68196 10
68205 5
68215 7
68224 2
68233 6
68234 2
68237 10
68237 9
68237 10
68238 6
68239 4
68244 6
68250 3
68254 3
68254 6
68255 5
68255 5
68259 8
68268 6
68268 4
68276 10
68277 3
68282 10
68283 2
68286 7
68296 7
68300 9
68306 2
68308 10
68308 7
68316 9
68322 1
68330 4
68331 7
68340 10
68349 10
68358 7
68363 1
68370 7
68372 6
68379 3
68389 5
68395 9
68402 4
68402 4
68410 4
68417 5
68427 9
68437 5
68444 7
68454 5
68456 6
68457 2
68466 10
68469 9
68474 3
68474 2
68482 4
68487 4
68489 7
68497 3
68497 2
68497 7
68501 4
68509 7
68515 8
68519 1
68521 6
68525 10
68526 2
68534 4
68538 3
68545 2
68547 5
68557 9
68562 6
68563 5
68568 7
68569 1
68578 4
68584 4
68586 10
68587 6
68588 8
68598 3
68606 8
68608 6
68610 3
68619 10
68628 5
68636 5
68646 8
68650 1
68658 10
68659 7
68661 8
68670 7
68675 8
68679 4
68680 9
68684 5
68692 4
68700 10
68703 8
68706 9
68715 8
68715 7
68722 2
68723 4
68731 10
68739 8
68746 4
68756 7
68758 8
68762 8
68765 8
68774 6
68774 6
68775 1
68784 7
68785 10
68785 4
68785 2
68790 4
68797 9
68797 8
68806 3
68813 4
68820 3
68826 2
68836 1
68840 6
68840 4
68840 2
68847 7
68848 4
68849 3
68857 3
68863 5
68863 2
68866 5
68870 4
68876 2
68881 8
68888 2
68895 6
68895 2
68904 9
68906 4
68912 8
68917 9
68921 7
68927 4
68932 10
68934 9
68944 3
68947 3
68951 1
68951 7
68959 10
68968 1
68976 1
68977 10
68982 6
68985 2
68995 5
69000 10
69002 4
69004 2
69012 10
69022 7
69030 4
69036 2
69043 7
69052 4
69062 1
69067 5
69070 6
69080 3
69090 1
69096 8
69097 5
69106 7
69115 9
69122 6
69127 9
69136 3
69140 5
69141 6
69150 8
69151 9
69154 5
69155 1
69155 9
69155 6
69158 9
69162 5
69167 10
69171 5
69174 1
69180 8
69181 4
69187 5
69195 8
69199 10
69203 3
69205 6
69215 4
69225 9
69226 1
69233 3
69236 9
69241 3
69243 10
69249 7
69253 9
69263 4
69268 6
69276 5
69276 10
69282 1
69286 4
69296 10
69301 4
69311 3
69316 4
69324 4
69329 3
69329 1
69337 7
69346 7
69352 2
69356 10
69356 9
69356 4
69364 10
69369 3
69378 2
69379 6
69389 3
69396 1
69400 2
69409 2
69413 3
69415 8
69417 1
69426 8
69430 5
69437 3
69446 5
69452 5
69461 1
69467 10
69468 2
69477 10
69482 4
69482 3
69489 6
69493 1
69496 8
69505 1
69506 4
69510 4
69516 8
69516 3
69520 3
69529 7
69529 9
69537 9
69544 5
69552 5
69560 10
69564 5
69567 3
69568 5
69569 5
69571 3
69575 4
69581 7
69583 3
69583 3
69589 1
69596 2
69605 9
69611 10
69618 10
69620 6
69629 4
69633 3
69635 5
69641 1
69643 3
69645 10
69655 1
69656 9
69665 7
69672 2
69680 3
69689 9
69695 7
69704 1
69709 5
69711 4
69718 5
69720 8
69730 7
69739 1
69743 2
69748 9
69754 8
69758 9
69762 1
69767 7
69768 7
69774 8
69778 7
69785 10
69786 3
69796 3
69799 5
69802 10
69811 9
69813 3
69814 4
69816 3
69826 1
69834 7
69840 4
69844 6
69847 9
69849 7
69858 5
69862 10
69866 3
69872 8
69874 2
69882 1
69892 4
69901 1
69903 6
69905 8
69912 7
69916 9
69926 8
69935 5
69938 10
69946 5
69952 1
69952 5
69954 7
69959 3
69962 3
69964 2
69972 5
69982 3
69992 8
69992 8
70001 7
70009 9
70019 1
70025 3
70025 6
70027 8
70029 4
70032 10
70039 3
70047 3
70054 6
70064 3
70072 8
70074 2
70080 8
70082 2
70088 8
70096 1
70106 7
70112 1
70116 2
70120 9
70129 9
70137 10
70140 1
70144 1
70153 7
70154 9
70163 4
70164 1
70168 2
70175 7
70184 8
70185 8
70189 2
70195 5
70196 8
70197 3
70204 2
70208 2
70216 5
70221 1
70228 10
70228 5
70234 1
70242 6
70243 4
70250 3
70254 10
70258 5
70259 3
70265 9
70272 4
70282 10
70282 4
70291 1
70298 6
70300 8
70306 2
70313 8
70313 2
70323 9
70329 6
70334 7
70334 5
70340 9
70346 2
70356 1
70360 9
70364 3
70372 3
70372 9
70374 8
70381 3
70384 2
70394 7
70397 5
70397 1
70398 8
70403 8
70405 8
70412 3
70421 6
70431 7
70431 4
70436 5
70438 6
70448 6
70454 2
70454 6
70460 2
70460 8
70465 9
70471 9
70476 6
70479 1
70488 5
70491 6
70492 7
70500 5
70504 5
70511 10
70519 5
70528 5
70536 7
70536 9
70541 6
70541 6
70550 9
70551 1
70553 3
70557 10
70567 6
70573 6
70581 1
70591 8
70595 10
70599 7
70607 8
70610 2
70620 7
70625 4
70634 10
70636 9
70643 7
70647 5
70653 4
70663 6
70667 3
70671 4
70676 5
70686 2
70690 3
70699 2
70702 5
70706 6
70716 6
70720 7
70722 3
70725 7
70733 8
70739 10
70742 8
70748 1
70754 1
70761 7
70771 2
70780 3
70785 9
70787 7
70792 8
70799 7
70799 4
70809 10
70810 10
70818 7
70826 8
70835 10
70839 4
70843 8
70845 9
70852 1
70856 1
70866 5
70875 10
70879 5
70882 5
70887 2
70893 7
70895 8
70900 9
70904 8
70913 4
70922 4
70927 9
70927 4
70927 7
70931 10
70940 1
70949 1
70952 7
70962 9
70962 9
70967 4
70973 2
70974 5
70977 8
70986 2
70991 1
70993 2
70999 9
71003 2
71008 3
71015 4
71015 9
71023 6
71028 10
71032 9
71039 7
71048 5
71052 5
71062 3
71062 5
71068 7
71068 1
71073 9
71077 7
71086 8
71090 3
71099 7
71107 9
71110 7
71111 10
71116 10
71120 10
71130 6
71140 6
71142 8
71147 6
71150 6
71152 6
71162 9
71166 6
71168 4
71178 8
71186 10
71191 1
71198 8
71202 4
71207 8
71208 4
71212 10
71212 5
71220 1
71221 5
71228 9
71234 4
71240 3
71240 4
71243 9
71248 5
71249 1
71258 8
71264 9
71270 6
71271 5
71271 2
71276 10
71286 2
71287 9
71297 9
71297 7
71299 4
71299 4
71301 4
71307 3
71310 4
71314 5
71317 3
71322 3
71327 10
71330 1
71337 4
71340 9
71344 1
71347 3
71357 4
71362 5
71370 10
71378 9
71387 4
71389 3
71398 3
71400 10
71402 1
71410 7
71417 4
71418 4
71422 8
71428 4
71432 1
71432 10
71441 8
71444 7
71453 6
71454 2
71456 5
71462 8
71470 4
71470 6
71470 3
71477 7
71484 10
71490 5
71498 4
71506 6
71512 7
71515 1
71524 4
71533 5
71535 4
71538 8
71548 3
71552 10
71556 5
71560 1
71560 1
71567 7
71572 8
71577 9
71586 10
71588 8
71594 1
71601 3
71608 10
71618 5
71618 6
71620 3
71629 10
71633 5
71641 1
71641 7
71649 5
71651 2
71657 5
71658 7
71661 4
71668 3
71675 7
