21885 8
21886 6
21890 5
21890 4
21890 1
21893 5
21898 10
21899 8
21908 4
21914 9
21919 8
21919 4
21925 6
21926 2
21928 1
21930 5
21930 3
21930 2
21932 5
21939 3
21939 1
21948 6
21956 10
21959 5
21969 10
21978 9
21985 9
21986 5
21994 4
21997 8
22006 9
22007 4
22014 3
22015 8
22016 4
22026 5
22030 8
22034 8
22038 6
22044 1
22046 9
22051 7
22061 4
22070 3
22076 7
22081 5
22088 5
22088 9
22095 6
22105 5
22111 8
22116 8
22119 10
22126 2
22126 9
22134 5
22137 6
22144 5
22148 1
22157 2
22164 1
22165 5
22173 5
22173 4
22173 2
22180 5
22185 9
22186 6
22193 7
22194 7
22203 5
22210 2
22218 1
22219 3
22226 7
22235 3
22235 9
22237 1
22246 1
22255 8
22265 6
22266 3
22272 4
22280 5
22289 8
22297 7
22301 6
22308 6
22312 8
22312 2
22319 1
22320 10
22326 2
22328 7
22329 8
22338 7
22343 6
22353 10
22353 10
22353 3
22357 9
22363 3
22372 1
22380 5
22390 7
22390 3
22392 1
22392 9
22392 5
22402 7
22412 1
22420 8
22424 6
22426 9
22428 5
22429 6
22438 4
22440 3
22446 10
22453 1
22457 4
22466 5
22472 6
22474 1
22480 10
22485 6
22491 4
22499 10
22508 6
22512 5
22512 1
22517 7
22526 3
22528 10
22530 8
22538 2
22540 7
22540 9
22541 4
22543 7
22553 8
22561 7
22568 1
22574 1
22575 5
22576 8
22577 9
22584 4
22584 5
22587 7
22592 5
22599 4
22604 6
22607 6
22612 5
22619 4
22629 7
22638 4
22646 7
22651 4
22661 2
22669 10
22671 7
22681 5
22681 8
22682 4
22692 3
22700 7
22701 3
22707 9
22712 5
22720 10
22725 5
22729 3
22737 10
22746 5
22750 8
22758 3
22763 9
22768 8
22774 10
22780 2
22782 2
22788 2
22791 10
22796 2
22798 5
22804 1
22812 9
22817 1
22823 10
22833 10
22837 1
22839 5
22841 2
22841 7
22850 7
22860 7
22866 6
22867 3
22873 9
22875 4
22881 8
22891 5
22894 9
22898 3
22902 3
22907 10
22907 7
22911 5
22921 10
22927 2
22934 1
22941 6
22951 7
22961 4
22971 4
22978 1
22982 5
22986 9
22986 3
22990 4
22991 8
23001 1
23004 2
23014 5
23018 7
23026 2
23033 8
23033 4
23042 9
23047 3
23055 8
23065 6
23073 2
23079 7
23080 9
23088 9
23096 8
23106 1
23113 5
23113 3
23115 5
23115 10
23125 2
23135 9
23144 4
23146 5
23152 6
23155 5
23161 7
23167 2
23174 5
23180 5
23189 3
23190 1
23192 4
23195 3
23203 8
23212 3
23214 7
23215 2
23215 4
23217 3
23220 1
23226 9
23236 2
23238 6
23242 5
23251 9
23251 8
23257 6
23266 6
23270 3
23270 2
23271 7
23278 10
23278 2
23282 9
23285 6
23288 5
23292 7
23301 7
23310 3
23320 5
23323 7
23327 7
23327 6
23330 4
23337 9
23340 7
23343 5
23350 6
23357 5
23360 2
23366 4
23369 7
23376 4
23386 5
23388 5
23396 4
23402 2
23412 9
23422 5
23429 7
23433 9
23443 10
23451 4
23460 1
23463 3
23472 1
23476 2
23478 9
23481 3
23482 6
23492 3
23498 1
23502 10
23510 4
23513 2
23517 9
23518 6
23518 5
23524 10
23524 10
23530 8
23533 10
23542 10
23548 7
23554 2
23556 10
23566 4
23572 1
23581 9
23584 8
23589 8
23592 4
23601 1
23601 7
23609 6
23609 3
23614 9
23624 6
23630 2
23634 1
23643 7
23647 9
23657 1
23667 4
23668 8
23674 3
23683 2
23690 2
23698 7
23707 1
23712 7
23718 7
23726 7
23729 6
23736 6
23738 2
23748 9
23748 2
23750 3
23753 1
23763 10
23768 9
23771 1
23772 2
23779 10
23782 1
23787 9
23787 5
23787 10
23789 5
23796 10
23804 9
23813 10
23817 7
23823 8
23824 6
23826 2
23828 10
23833 3
23837 2
23847 9
23848 10
23850 2
23854 4
23857 7
23861 10
23870 8
23876 8
23876 1
23880 2
23883 5
23893 10
23902 2
23910 1
23911 4
23913 10
23918 8
23921 1
23924 6
23930 2
23931 6
23937 2
23937 1
23940 3
23946 7
23948 6
23949 3
23950 8
23960 7
23969 2
23976 1
23986 7
23986 4
23994 7
24002 5
24010 6
24010 3
24014 6
24015 10
24022 9
24027 3
24028 6
24035 10
24036 3
24043 2
24046 8
24054 7
24058 10
24059 3
24059 2
24059 7
24062 2
24072 5
24079 5
24081 8
24084 1
24094 8
24094 9
24096 2
24097 4
24097 6
24106 7
24109 9
24114 3
24123 5
24123 1
24123 2
24128 10
24136 2
24142 4
24144 10
24149 3
24158 4
24165 5
24168 5
24174 2
24182 4
24191 4
24193 5
24193 5
24197 3
24205 9
24215 3
24217 2
24219 8
24223 5
24226 10
24231 4
24231 1
24240 2
24247 9
24251 6
24255 10
24256 5
24257 9
24262 4
24271 10
24278 5
24280 6
24281 7
24284 4
24289 3
24289 1
24294 8
24294 6
24294 7
24299 1
24307 1
24311 4
24312 7
24318 10
24326 5
24331 6
24331 2
24341 9
24347 8
24350 3
24354 8
24354 6
24364 6
24364 6
24366 1
24366 9
24375 10
24379 10
24387 5
24391 2
24391 10
24400 1
24402 1
24408 4
24415 3
24421 8
24431 1
24439 7
24440 10
24446 3
24446 9
24446 2
24446 4
24453 8
24461 3
24461 1
24468 7
24472 5
24474 4
24474 7
24481 6
24489 8
24489 1
24491 6
24501 5
24503 1
24506 10
24511 3
24513 8
24520 5
24530 10
24534 3
24535 8
24536 6
24541 9
24550 6
24556 9
24562 4
24569 8
24573 9
24574 7
24576 9
24583 5
24588 1
24596 4
24602 3
24606 9
24607 2
24613 9
24617 6
24627 1
24627 5
24631 8
24640 10
24640 8
24646 1
24653 10
24655 4
24660 1
24670 8
24674 10
24680 8
24680 2
24680 8
24685 2
24688 8
24691 8
24699 5
24705 3
24714 5
24721 5
24724 8
24734 4
24739 10
24739 6
24742 10
24745 2
24754 7
24755 10
24764 2
24764 8
24772 6
24775 7
24775 5
24783 5
24785 3
24794 3
24802 5
24802 3
24811 2
24812 3
24814 7
24820 9
24828 6
24836 8
24836 2
24840 2
24841 5
24841 9
24846 10
24853 9
24853 4
24861 5
24871 1
24875 4
24881 9
24885 4
24895 2
24901 10
24906 4
24914 10
24922 7
24922 4
24928 10
24935 3
24939 8
24942 1
24946 3
24954 3
24961 6
24970 6
24977 3
24983 1
24983 3
24991 7
24993 2
25001 2
25007 8
25014 10
25018 2
25028 7
25032 4
25032 3
25032 6
25042 1
25050 2
25056 7
25063 7
25070 2
25070 9
25070 4
25077 5
25087 1
25088 4
25089 10
25096 3
25106 7
25113 6
25120 6
25123 6
25124 4
25124 3
25126 6
25131 8
25134 7
25135 7
25140 10
25148 9
25155 5
25155 2
25155 9
25158 10
25164 4
25171 8
25176 6
25183 6
25193 5
25201 10
25204 9
25210 8
25216 5
25222 9
25223 7
25228 5
25236 1
25237 6
25247 4
25255 7
25259 2
25267 8
25267 10
25277 9
25286 6
25293 5
25300 7
25303 3
25309 8
25310 7
25320 2
25320 8
25328 1
25330 4
25336 10
25336 3
25336 7
25341 2
25349 8
25356 3
25365 10
25370 8
25374 2
25380 9
25385 8
25388 6
25397 8
25406 3
25412 10
25422 3
25431 8
25439 4
25442 8
25450 1
25452 10
25458 7
25463 1
25466 9
25475 8
25481 3
25482 1
25488 6
25488 5
25493 7
25496 5
25500 7
25500 7
25509 8
25510 1
25512 8
25518 1
25519 3
25526 1
25535 8
25536 7
25540 7
25540 2
25540 1
25542 3
25547 6
25553 10
25556 2
25564 8
25569 9
25573 7
25583 10
25586 3
25596 5
25599 4
25608 8
25618 5
25620 2
25620 10
25627 9
25633 1
25636 1
25643 10
25646 8
25651 3
25652 6
25653 6
25660 2
25668 10
25678 7
25688 9
25688 8
25697 10
25702 4
25708 3
25717 2
25725 7
25735 5
25739 4
25747 2
25754 9
25758 9
25762 6
25762 6
25765 8
25765 10
25771 8
25781 1
25783 9
25783 7
25784 9
25789 6
25796 10
25798 3
25803 5
25809 3
25811 6
25819 1
25827 3
25834 6
25841 9
25842 7
25846 7
25849 4
25849 5
25850 7
25859 10
25866 1
25875 7
25876 6
25880 1
25881 6
25887 3
25890 9
25895 3
25895 6
25899 3
25899 1
25909 4
25911 5
25915 8
25921 5
25928 7
25933 7
25943 2
25946 4
25947 5
25955 2
25957 8
25965 6
25973 5
25980 5
25988 7
25997 10
26005 2
26006 2
26006 10
26006 5
26013 5
26022 1
26022 8
26030 1
26035 7
26040 10
26044 3
26044 6
26053 8
26061 1
26061 8
26068 6
26071 8
26076 8
26078 6
26087 7
26096 10
26101 9
26107 5
26116 10
26120 7
26121 10
26125 8
26130 1
26134 9
26136 2
26141 4
26150 5
26155 7
26156 2
26163 9
26167 4
26169 7
26171 6
26179 8
26181 6
26191 7
26198 5
26199 2
26209 2
26210 9
26218 7
26227 2
26229 10
26235 6
26241 1
26250 3
26255 3
26263 10
26265 3
26268 6
26273 3
26280 7
26284 8
26292 6
26293 1
26296 4
26297 10
26298 9
26298 6
26302 4
26309 9
26314 3
26321 6
26328 2
26333 3
26335 10
26335 10
26343 6
26346 8
26351 10
26353 4
26354 6
26360 2
26366 6
26373 9
26382 6
26388 6
26393 3
26394 5
26403 3
26412 2
26416 6
26419 2
26419 2
26426 1
26436 10
26436 7
26446 1
26447 10
26456 9
26465 7
26466 10
26475 5
26477 5
26480 7
26484 7
26489 3
26496 2
26504 2
26508 7
26509 5
26518 8
26520 2
26526 4
26533 8
26533 2
26543 6
26550 1
26555 4
26560 10
26565 6
26571 9
26575 8
26583 5
26591 5
26593 3
26594 9
26603 5
26608 4
26614 5
26621 9
26628 9
26634 9
26644 8
26653 6
26658 4
26658 4
26668 10
26668 7
26673 4
26677 9
26682 4
26688 10
26694 2
26698 5
26708 8
26714 4
26717 4
26721 5
26729 9
26735 10
26745 2
26745 8
26753 8
26754 6
26761 7
26767 9
26774 4
26777 10
26785 7
26787 2
26791 1
26801 10
26806 2
26815 7
26816 7
26819 3
26825 1
26833 8
26834 8
26837 10
26839 9
26845 8
26851 3
26853 6
26854 2
26863 3
26863 5
26864 10
26871 1
26877 7
26885 4
26889 6
26899 3
26903 5
26903 9
26905 6
26907 6
26917 9
26921 1
26931 9
26935 6
26943 9
26944 8
26951 7
26953 8
26963 8
26963 5
26963 8
26966 1
26972 2
26977 9
26978 8
26982 4
26985 6
26987 7
26997 10
27003 8
27011 3
27012 8
27021 4
27027 5
27027 9
27036 7
27039 2
27041 1
27041 8
27045 2
27047 7
27050 7
27052 10
27055 8
27063 4
27068 9
27069 2
27075 8
27083 4
27088 10
27093 7
27102 1
27103 5
27107 1
27111 4
27113 3
27117 8
27125 6
27131 4
27137 8
27143 3
27148 7
27154 6
27159 1
27159 10
27169 5
27169 1
27172 5
27174 8
27175 1
27178 10
27179 5
27185 3
27188 8
27194 5
27197 5
27204 5
27212 3
27219 8
27223 4
27223 9
27233 6
27240 5
27240 6
27248 9
27252 7
27255 10
27261 9
27271 3
27280 10
27286 5
27292 8
27300 8
27304 5
27309 8
27318 4
27326 8
27330 5
27339 3
27340 8
27346 9
27351 4
27359 9
27364 4
27372 10
27373 4
27377 10
27380 8
27390 4
27392 3
27394 10
27400 9
27407 9
27409 5
27413 5
27421 4
27430 10
27434 5
27435 1
27436 3
27446 2
27455 7
27462 10
27464 1
27472 6
27479 6
27482 1
27486 8
27486 9
27487 4
27495 6
27495 1
27505 6
27513 7
27513 5
27521 7
27531 9
27531 9
27539 8
27539 3
27544 4
27554 3
27560 6
27563 7
27571 4
27580 3
27582 9
27587 9
27587 2
27596 9
27605 9
27613 3
27623 1
27625 9
27633 2
27640 5
27644 3
27652 3
27660 1
27664 8
27668 1
27673 8
27681 7
27684 4
27685 3
27691 3
27696 2
27701 4
27710 8
27718 4
27723 5
27730 7
27739 9
27746 9
27748 3
27756 6
27756 10
27764 6
27765 2
27769 5
27778 5
27788 9
27789 5
27795 10
27801 6
27804 4
27810 2
27818 9
27818 6
27827 10
27829 9
27835 2
27842 1
27851 7
27853 10
27861 9
27862 1
27863 3
27871 3
27880 1
27888 6
27888 7
27896 9
27902 9
27912 9
27921 3
27927 5
27937 7
27943 5
27950 10
27960 6
27966 1
27974 10
27974 3
27974 7
27979 1
27986 10
27996 1
27996 7
28005 5
28010 10
28017 3
28026 4
28036 3
28038 4
28046 5
28054 3
28064 6
28073 10
28078 6
28084 4
28087 9
28089 6
28090 6
28091 1
28099 8
28103 8
28105 5
28111 3
28114 1
28119 1
28125 6
28127 2
28130 10
28132 1
28135 8
28140 3
28144 2
28148 9
28153 3
28157 6
28166 10
28168 4
28175 6
28176 4
28181 1
28189 2
28193 1
28195 8
28201 5
28204 7
28212 6
28215 10
28216 1
28223 6
28225 9
28232 5
28237 8
28237 4
28244 5
28251 10
28256 3
28263 4
28272 6
28275 5
28276 3
28278 4
28280 5
28289 10
28289 3
28296 10
28297 10
28297 2
28299 5
28303 2
28313 4
28318 9
28328 7
28328 3
28336 6
28337 4
28343 3
28349 3
28353 2
28360 4
28364 10
28368 8
28375 10
28383 9
28383 7
28384 6
28392 7
28393 10
28398 7
28402 9
28411 2
28421 4
28427 1
28437 10
28441 9
28441 10
28449 7
28450 2
28454 1
28463 3
28473 3
28476 10
28478 3
28478 4
28488 4
28494 5
28503 6
28503 10
28508 8
28508 2
28510 6
28517 8
28520 1
28521 2
28527 10
28537 9
28543 4
28549 4
28552 1
28552 1
28552 1
28559 1
28568 7
28576 3
28580 3
28582 3
28589 8
28595 5
28597 1
28601 10
28604 4
28613 5
28617 9
28619 10
28628 6
28633 7
28638 7
28643 3
28651 10
28654 10
28661 4
28668 5
28678 4
28678 10
28684 8
28691 7
28697 2
28698 3
28705 10
28709 3
28710 3
28711 3
28718 7
28724 5
28728 4
28733 10
28734 8
28735 9
28735 6
28743 7
28747 10
28756 9
28761 7
28768 3
28768 6
28772 5
28777 5
28784 9
28793 5
28797 6
28807 1
28808 7
28816 3
28824 10
28828 7
28837 6
28845 3
28850 1
28855 6
28857 1
28867 1
28870 10
28870 5
28872 7
28872 5
28882 2
28886 2
28896 4
28905 7
28910 6
28910 1
28916 2
28925 4
28933 9
28943 9
28947 3
28953 8
28961 6
28966 4
28967 5
28971 6
28973 6
28980 6
28985 3
28990 4
28994 5
29004 1
29004 3
29004 2
29011 7
29020 2
29025 10
29030 3
29035 2
29035 9
29036 10
29039 4
29048 5
29049 6
29051 1
29061 8
29071 7
29077 7
29080 4
29087 2
29090 9
29096 10
29099 5
29106 7
29112 3
29115 4
29122 2
29129 9
29133 8
29140 4
29140 5
29142 7
29143 9
29152 2
29154 2
29155 3
29161 9
29171 1
29174 7
29179 8
29179 3
29181 4
29185 3
29185 2
29187 1
29189 10
29196 7
29197 10
29207 2
29217 1
29217 5
29220 4
29223 5
29223 5
29229 3
29231 5
29232 9
29242 1
29251 7
29261 3
29263 8
29265 5
29268 1
29271 2
29280 6
29282 6
29291 7
29291 4
29295 4
29298 6
29300 6
29302 3
29308 2
29311 7
29320 7
29322 6
29323 10
29329 3
29334 4
29337 3
29347 10
29355 1
29362 8
29366 9
29370 8
29380 9
29389 7
29394 9
29395 7
29401 8
29401 3
29408 1
29418 6
29420 5
29429 10
29432 2
29440 6
29440 5
29444 1
29448 5
29457 10
29457 3
29461 7
29470 6
29471 5
29474 9
29475 1
29484 2
29485 4
29485 8
29488 4
29492 4
29502 4
29504 1
29512 4
29519 3
29528 10
29538 10
29538 5
29542 1
29543 3
29552 7
29556 8
29563 2
29569 5
29569 6
29575 8
29582 8
29590 8
29596 6
29600 7
29608 5
29617 5
29617 5
29620 1
29627 10
29636 4
29637 9
29637 8
29642 6
29645 9
29647 4
29655 1
29657 9
29662 3
29669 10
29678 6
29683 10
29691 1
29693 2
29699 10
29708 8
29709 1
29714 10
29720 8
29725 5
29728 7
29733 6
29734 3
29739 6
29742 1
29751 8
29753 4
29758 9
29762 4
29770 7
29773 2
29777 9
29781 3
29783 5
29789 4
29797 10
29807 8
29816 10
29824 4
29824 10
29824 5
29834 4
29842 8
29852 2
29852 3
29853 7
29854 4
29860 3
29870 7
29872 10
29873 7
29876 4
29884 9
29894 8
29894 2
29899 9
29904 8
29905 4
29912 6
29914 8
29920 5
29927 9
29932 1
29940 8
29947 9
29947 10
29952 9
29958 10
29958 10
29964 10
29965 6
29972 8
29975 2
29981 10
29986 10
29990 2
29990 2
29991 7
30001 4
30009 2
30013 2
30014 8
30019 5
30028 8
30028 8
30029 8
30032 9
30037 8
30039 9
30039 1
30044 7
30047 7
30048 3
30055 1
30055 9
30057 9
30064 4
30073 4
30081 5
30086 6
30094 2
30099 7
30101 9
30102 2
30107 5
30115 9
30119 6
30120 10
30123 3
30126 6
30132 5
30134 5
30140 2
30144 1
30149 4
30157 9
30159 1
30169 7
30176 4
30182 1
30183 1
30192 1
30192 8
30200 6
30203 3
30207 5
30208 6
30209 10
30214 9
30221 6
30229 9
30229 1
30229 4
30230 2
30240 6
30248 6
30252 3
30254 4
30258 8
30265 4
30270 1
30275 1
30277 8
30287 9
30295 3
30300 2
30306 2
30309 3
30311 10
30312 3
30317 8
30324 5
30327 7
30331 6
30335 8
30338 8
30345 10
30348 7
30349 3
30351 7
30357 9
30357 9
30366 4
30371 9
30373 9
30382 2
30385 1
30391 10
30392 5
30402 5
30408 5
30410 1
30418 4
30426 3
30433 2
30435 2
30440 3
30441 4
30443 5
30446 2
30446 4
30446 3
30449 1
30457 5
30457 1
30465 9
30473 5
30478 3
30483 8
30492 4
30494 8
30496 3
30497 9
30506 8
30506 9
30511 9
30521 4
30521 9
30528 8
30532 2
30534 6
30535 7
30537 3
30538 9
30545 8
30550 3
30559 1
30561 9
30562 1
30572 3
30581 7
30589 4
30594 4
30604 9
30607 8
30611 3
30614 6
30617 4
30617 2
30624 1
30626 8
30628 8
30637 9
30644 8
30646 4
30653 2
30661 3
30669 5
30678 8
30688 3
30693 6
30699 10
30704 7
30714 10
30715 10
30724 10
30729 4
30730 7
30732 7
30742 4
30745 8
30748 5
30754 4
30763 9
30765 3
30769 1
30776 7
30780 1
30785 7
30788 4
30793 2
30798 7
30806 3
30808 2
30810 10
30810 2
30816 5
30817 8
30818 6
30822 3
30825 1
30833 8
30837 5
30846 3
30847 1
30847 9
30855 2
30862 1
30871 1
30874 7
30882 2
30884 9
30888 8
30889 5
30892 8
30897 3
30907 10
30912 8
30912 3
30920 7
30920 7
30927 7
30936 3
30937 3
30945 4
30949 4
30952 1
30955 10
30964 2
30972 2
30980 5
30984 9
30985 7
30991 2
30999 7
31000 4
31007 6
31011 2
31018 1
31027 4
31034 5
31040 8
31045 1
31049 2
31050 7
31051 3
31051 1
31055 7
31057 9
31060 10
31070 8
31076 10
31076 7
31084 7
31089 5
31097 3
31102 8
31110 6
31120 3
31121 4
31121 5
31121 1
31126 8
31126 6
31135 8
31142 3
31145 10
31148 4
31148 2
31155 5
31160 1
31164 2
31171 10
31178 9
31188 8
31193 2
31199 9
31208 3
31212 2
31218 6
31226 5
31226 7
31227 1
31227 4
31227 1
31232 3
31232 10
31234 10
31243 2
31252 3
31253 2
31259 7
31264 1
31268 8
31277 7
31278 2
31287 3
31289 1
31290 10
31300 8
31307 6
31311 2
31321 7
31329 7
31338 3
31339 1
31346 9
31351 5
31358 8
31365 2
31372 10
31379 9
31384 3
31385 7
31393 5
31398 4
31399 7
31407 8
31407 8
31409 3
31409 8
31416 5
31423 4
31427 5
31434 3
31441 7
31447 1
31452 6
31459 4
31462 7
31465 8
31473 2
31476 4
31476 9
31485 6
31495 4
31497 9
31498 10
31502 7
31512 6
31518 4
31528 3
31534 7
31544 9
31554 9
31559 3
31566 6
31569 2
31575 5
31575 6
31577 6
31587 6
31588 7
31588 8
31594 10
31595 4
31599 5
31608 10
31612 5
31620 6
31628 7
31629 3
31632 2
31635 7
31639 9
31649 9
31658 2
31664 9
31671 10
31672 5
31675 9
31676 6
31679 7
31679 7
31684 7
31690 7
31691 2
31694 8
31702 6
31712 3
31717 7
31722 9
31727 8
31728 9
31732 4
31732 10
31734 2
31734 9
31741 4
31750 10
31758 9
31758 6
31767 9
31776 4
31784 9
31792 4
31794 1
31798 6
31799 2
31806 7
31809 1
31809 2
31816 7
31823 4
31823 5
31826 3
31833 6
31835 4
31837 2
31846 2
31851 7
31851 7
31856 10
31858 6
31861 3
31870 1
31871 2
31878 1
31887 2
31897 9
31905 2
31907 4
31917 10
31924 4
31924 7
31934 3
31942 5
31942 1
31950 6
31956 8
31963 1
31965 2
31966 3
31970 1
31970 9
31974 3
31984 3
31992 10
31998 4
32006 5
32012 2
32020 4
32022 8
32025 3
32031 3
32039 10
32039 1
32048 9
32055 8
32065 9
32075 2
32085 9
32091 1
32096 8
32104 4
32109 7
32117 10
32119 5
32126 7
32134 2
32135 1
32138 5
32141 9
32144 7
32154 4
32156 3
32161 2
32166 2
32171 2
32171 9
32181 4
32182 6
32188 6
32191 5
32197 2
32201 4
32206 1
32214 5
32218 3
32223 4
32223 2
32233 4
32238 10
32241 5
32242 8
32252 2
32259 9
32261 8
32262 1
32264 9
32267 2
32268 6
32278 2
32282 3
32289 7
32292 3
32293 6
32301 2
32306 4
32310 2
32312 3
32316 6
32316 3
32326 7
32336 1
32341 9
32346 9
32355 5
32356 8
32360 5
32367 5
32367 5
32367 4
32368 8
32375 6
32383 2
32390 1
32396 2
32400 4
32404 1
32410 3
32411 7
32412 3
32412 3
32422 8
32429 9
32431 8
32432 3
32433 10
32436 3
32444 1
32450 6
32459 5
32466 8
32472 4
32475 3
32483 7
32491 2
32494 1
32503 2
32503 7
32509 1
32518 4
32527 8
32534 7
32539 10
32549 7
32551 9
32560 3
32560 10
32568 4
32569 7
32575 2
32576 2
32579 7
32588 2
32589 6
32591 8
32598 9
32605 4
32614 8
32616 3
32626 2
32630 5
32633 10
32642 2
32645 8
32648 7
32653 9
32659 3
32659 5
32667 1
32672 9
32672 1
32678 4
32680 6
32686 10
32695 6
32702 1
32703 7
32705 8
32714 7
32723 2
32724 9
32726 4
32736 9
32746 10
32749 2
32753 6
32758 8
32766 9
32766 3
32775 1
32782 3
32790 4
32794 5
32798 2
32800 1
32800 5
32802 5
32812 3
32817 8
32821 2
32823 1
32833 4
32836 10
32837 3
32846 3
32856 6
32859 7
32867 9
32872 4
32878 1
32878 3
32888 6
32895 5
32896 2
32901 1
32901 4
32910 3
32913 10
32918 2
32919 8
32929 6
32932 3
32940 8
32946 5
32946 3
32954 10
32960 2
32960 8
32960 4
32962 1
32964 3
32974 6
32983 4
32991 9
32993 9
32994 1
33002 3
33005 8
33008 7
33012 3
33021 8
33029 1
33033 8
33035 9
33040 7
33048 8
33051 7
33052 6
33060 10
33063 5
33070 2
33070 3
33077 1
33083 8
33084 3
33092 8
33101 6
33111 4
33112 8
33115 8
33120 5
33130 6
33137 2
33147 4
33156 8
33156 2
33158 6
33161 7
33164 6
33170 5
33176 7
33178 3
33185 2
33188 9
33190 10
33193 6
33198 4
33202 8
33203 2
33207 1
33210 1
33210 10
33215 10
33218 4
33218 3
33227 7
33237 10
33244 5
33245 7
33250 3
33254 2
33262 2
33268 10
33277 4
33280 3
33283 2
33289 8
33299 1
33305 2
33310 3
33317 2
33326 7
33328 10
33329 7
33330 7
33332 4
33342 10
33344 4
33345 7
33345 3
33345 5
33353 3
33359 1
33362 2
33368 10
33369 10
33369 7
33377 6
33379 10
33381 3
33390 3
33395 5
33399 4
33399 3
33402 1
33409 2
33410 3
33417 10
33426 1
33430 6
33435 10
33438 5
33439 2
33444 3
33447 1
33450 10
33460 4
33467 7
33467 6
33472 10
33477 8
33479 4
33482 8
33482 4
33489 9
33490 4
33495 6
33498 4
33508 9
33514 2
33515 3
33519 6
33521 7
33523 6
33530 5
33531 3
33539 7
33544 3
33544 2
33552 9
33557 6
33561 9
33571 2
33573 10
33574 2
33576 1
33581 3
33584 4
33589 2
33597 4
33597 6
33606 9
33615 3
33619 2
33623 8
33624 5
33631 2
33636 4
33637 7
33640 4
33643 7
33646 6
33654 3
33658 10
33665 1
33674 2
33679 1
33689 2
33698 3
33698 9
33699 5
33705 5
33711 9
33713 10
33718 5
33721 9
33728 9
33733 5
33741 6
33743 7
33749 1
33758 6
33764 1
33767 7
33777 1
33777 7
33778 2
33785 2
33789 3
33797 1
33799 8
33803 3
33810 4
33810 9
33813 2
33821 6
33829 8
33835 8
33845 9
33848 7
33857 2
33864 6
33870 7
33873 7
33875 10
33882 1
33883 7
33883 5
33888 1
33898 10
33905 3
33906 8
33915 10
33920 1
33920 10
33923 10
33929 1
33935 9
33938 4
33947 9
33955 4
33960 10
33962 3
33965 4
33975 10
33985 10
33992 4
33999 3
34003 4
34013 6
34019 2
34028 1
34028 3
34028 2
34038 5
34040 10
34042 2
34045 4
34053 9
34062 10
34069 1
34078 2
34083 8
34088 10
34093 9
34102 1
34105 3
34113 5
34122 1
34124 1
34128 9
34130 7
34137 5
34145 5
34154 8
34161 10
34162 4
34169 4
34176 7
34178 7
34180 1
34188 7
34193 9
34197 10
34197 8
34198 5
34204 2
34209 7
34217 2
34219 8
34225 6
34234 9
34234 2
34244 3
34248 1
34254 4
34263 9
34271 8
34277 3
34285 9
34289 8
34295 6
34304 8
34304 6
34305 5
34315 10
34323 6
34333 2
34333 3
34333 6
34340 8
34344 8
34351 3
34359 4
34369 3
34375 6
34385 6
34385 3
34394 7
34396 4
34404 5
34406 4
34413 4
34422 10
34432 2
34439 3
34441 5
34441 6
34450 8
34457 5
34457 4
34466 1
34476 6
34482 4
34488 5
34491 6
34500 3
34506 2
34512 9
34522 3
34531 7
34539 2
34541 6
34546 2
34547 7
34555 4
34565 7
34573 10
34574 1
34577 7
34578 3
34586 5
34586 6
34588 2
34591 8
34599 5
34604 1
34614 7
34624 2
34632 1
34635 6
34644 1
34652 1
34661 8
34670 9
34673 8
34679 9
34687 8
34688 10
34695 9
34705 5
34708 3
34714 8
34714 4
34718 10
34721 2
34731 10
34736 1
34741 6
34745 3
34747 4
34747 8
34753 3
34753 10
34759 8
34767 3
34775 1
34784 1
34785 7
34793 3
34793 10
34802 3
34809 10
34813 1
34817 2
34819 2
34824 4
34825 1
34833 6
34838 10
34844 7
34850 6
34851 8
34858 9
34865 2
34870 3
34880 8
34885 4
34888 1
34895 3
34902 10
34904 9
34904 3
34913 10
34917 8
34925 2
34929 2
34929 5
34932 5
34938 4
34946 7
34951 1
34953 5
34954 1
34963 9
34963 8
34967 9
34969 4
34973 9
34982 2
34982 4
34985 4
34991 2
34999 6
35006 5
35011 4
35013 10
35019 10
35028 10
35033 1
35036 7
35044 2
35050 8
35058 10
35068 9
35072 5
35080 8
35082 9
35087 9
35096 7
35096 10
35098 10
35098 10
35100 4
35101 1
35103 2
35103 4
35110 6
35118 10
35122 10
35132 1
35135 2
35137 5
35146 9
35146 10
35154 9
35160 10
35170 7
35174 9
35175 1
35184 7
35191 8
35191 8
35194 7
35200 2
35201 7
35203 10
35203 2
35208 4
35208 10
35210 10
35214 2
35215 1
35217 2
35221 4
35227 10
35229 9
35238 4
35240 3
35250 8
35257 7
35257 10
35258 8
35259 4
35266 6
35267 5
35272 4
35275 8
35281 10
35287 4
35292 7
35301 5
35301 3
35310 5
35317 1
35325 4
35329 10
35330 5
35336 6
35346 7
35348 6
35355 8
35356 1
35365 6
35369 7
35373 4
35377 6
35381 10
35389 7
35392 9
35400 8
35405 6
35411 7
35414 3
35420 2
35421 6
35421 3
35422 7
35428 1
35436 6
35436 5
35441 4
35444 9
35449 1
35457 9
35458 6
35462 1
35465 4
35474 3
35483 2
35490 10
35490 3
35493 2
35500 9
35508 5
35513 2
35516 5
35526 8
35531 10
35535 3
35543 9
35548 7
35558 1
35558 10
35561 9
35561 10
35565 1
35568 1
35576 5
35580 4
35583 7
35583 9
35592 4
35602 6
35612 5
35615 4
35620 8
35628 5
35633 1
35641 2
35641 7
35644 8
35648 5
35648 9
35653 1
35658 9
35660 3
35661 7
35663 4
35665 10
35673 4
35679 5
35680 6
35680 2
35685 7
35695 8
35697 6
35706 10
35714 4
35721 2
35731 5
35739 10
35742 8
35742 4
35745 5
35747 4
35750 9
35758 3
35765 1
35772 3
35776 9
35782 2
35790 6
35800 5
35808 4
35811 5
35814 7
35821 7
35824 7
35832 10
35837 5
35839 2
35845 5
35854 1
35860 2
35864 4
35866 5
35866 5
35866 9
35875 1
35878 8
35881 2
35887 6
35897 3
35899 9
35899 4
35904 6
35904 10
35913 3
35915 6
35918 4
35928 5
35930 8
35939 8
35947 1
35956 2
35960 7
35964 5
35973 2
35979 5
35985 10
35986 5
35990 7
35999 5
36007 5
36011 2
36013 3
36016 8
36018 6
36022 1
36028 6
36035 7
36037 6
36044 6
36052 1
36060 9
36064 2
36065 4
36074 8
36083 6
36089 2
36093 1
36097 6
36097 9
36103 4
36105 10
36110 1
36119 6
36127 10
36132 5
36135 5
36142 9
36152 9
36155 6
36160 5
36162 1
36163 2
36170 4
36171 3
36181 10
36189 1
36194 10
36203 7
36210 2
36215 9
36222 8
36226 3
36227 4
36237 3
36246 1
36249 4
36252 6
36255 8
36265 7
36268 3
36273 1
36280 7
36289 8
36299 8
36308 4
36314 7
36322 1
36332 1
36341 3
36341 5
36351 3
36353 10
36359 7
36368 9
36373 7
36382 3
36390 8
36398 10
36398 8
36398 4
36405 3
36410 4
36412 10
36422 1
36431 9
36436 9
36446 6
36454 1
36454 4
36461 9
36467 2
36470 1
36470 4
36480 6
36484 9
36493 2
36495 10
36497 8
36500 10
36504 2
36514 4
36520 1
36521 7
36521 3
36529 2
36532 5
36541 4
36545 6
36548 9
36554 10
36564 9
36569 2
36574 9
36578 8
36584 8
36588 10
36588 3
36589 2
36599 2
36609 4
36614 7
36622 9
36627 8
36637 1
36638 5
36639 6
36647 4
36655 5
36655 8
36660 4
36666 5
36675 8
36682 2
36689 9
36698 6
36698 8
36705 3
36707 9
36714 2
36719 8
36725 1
36729 4
36738 10
36740 8
36740 4
36742 3
36746 3
36746 7
36754 2
36756 10
36757 10
36763 4
36773 5
36780 4
36788 2
36788 7
36792 6
36795 8
36798 10
36805 5
36814 7
36823 3
36830 1
36840 8
36844 6
36848 3
36850 8
36850 9
36856 9
36861 2
36866 4
36867 4
36873 1
36879 7
36884 9
36885 7
36894 8
36897 9
36905 9
36910 1
36910 5
36913 3
36918 1
36923 8
36928 6
36928 2
36928 10
36932 2
36935 2
36940 3
36949 9
36959 9
36964 9
36973 7
36974 7
36982 3
36992 2
36996 6
36996 7
36999 6
37001 3
37003 5
37005 7
37015 5
37017 3
37017 10
37026 10
37033 10
37042 8
37043 7
37050 7
37058 6
37066 6
37066 4
37073 5
37075 8
37079 9
37089 2
37096 9
37105 3
37106 8
37114 6
37119 3
37120 7
37128 5
37136 6
37146 6
37146 3
37151 5
37156 10
37157 7
37163 9
37171 3
37180 10
37184 9
37187 6
37188 8
37189 5
37192 3
37197 3
37199 7
37201 2
37207 3
37215 8
37224 9
37234 7
37242 5
37242 10
37242 6
37252 10
37262 3
37266 4
37276 10
37280 3
37285 2
37294 1
37303 8
37309 4
37319 5
37321 9
37324 9
37326 10
37329 4
37336 4
37342 9
37346 7
37349 2
37353 4
37354 9
37354 5
37356 6
37365 10
37370 8
37371 3
37376 6
37385 8
37386 1
37395 1
37395 7
37399 5
37405 9
37415 1
37417 3
37426 3
37436 3
37443 1
37448 3
37457 10
37464 5
37466 5
37468 8
37477 5
37477 1
37481 3
37488 10
37491 6
37492 3
37501 10
37506 3
37512 8
37517 10
37521 4
37526 2
37532 3
37532 10
37532 7
37538 2
37538 6
37538 1
37540 5
37548 9
37556 1
37563 10
37563 8
37564 3
37566 9
37570 5
37572 5
37577 9
37585 4
37588 9
37590 6
37593 8
37595 4
37597 5
37606 9
37614 10
37620 6
37628 3
37629 2
37629 9
37630 1
37638 6
37639 2
37647 6
37648 2
37653 9
37661 6
37662 4
37670 5
37671 1
37671 2
37680 8
37688 10
37689 3
37692 6
37694 5
37698 7
37704 5
37710 6
37715 6
37716 5
37725 7
37727 4
37732 4
37733 1
37736 7
37737 6
37741 3
37745 3
37751 2
37756 7
37766 8
37769 8
37773 6
37778 3
37781 1
37784 9
37787 2
37795 3
37797 5
37797 10
37805 6
37808 5
37816 4
37821 5
37823 9
37830 3
37837 7
37838 2
37844 7
37848 5
37848 8
37853 9
37861 9
37868 7
37868 4
37870 6
37876 7
37885 1
37886 10
37889 6
37890 10
37900 9
37908 3
37910 10
37914 8
37922 8
37931 10
37932 7
37937 9
37940 3
37943 3
37953 7
37963 9
37971 10
37979 3
37987 9
37994 7
37996 2
38001 8
38006 2
38015 8
38023 4
38023 9
38026 9
38032 5
38039 4
38049 9
38053 9
38055 8
38058 6
38058 7
38064 6
38070 2
38080 6
38088 9
38095 8
38095 9
38096 7
38099 6
38103 7
38109 8
38113 1
38118 2
38118 6
38126 1
38128 4
38131 8
38131 3
38132 8
38140 1
38140 8
38141 6
38148 4
38148 7
38152 10
38157 10
38158 6
38161 6
38163 5
38172 8
38178 3
38181 5
38187 4
38190 10
38192 9
38193 10
38196 10
38206 6
38208 10
38216 3
38216 8
38220 9
38227 8
38232 9
38239 4
38244 8
38245 1
38252 9
38260 1
38268 4
38278 9
38287 10
38297 2
38297 7
38303 10
38309 5
38315 6
38322 1
38324 8
38333 5
38333 9
38341 10
38349 6
38355 3
38358 9
38361 10
38371 4
38371 9
38378 4
38385 10
38389 7
38397 1
38403 8
38411 6
38421 2
38426 9
38432 6
38432 1
38438 7
38447 2
38452 2
38459 4
38461 9
38469 1
38475 1
38485 9
38485 8
38493 2
38499 4
38501 4
38511 1
38516 9
38524 2
38533 2
38541 2
38549 5
38555 5
38558 9
38568 4
38573 8
38574 4
38576 3
38583 9
38591 10
38596 5
38604 1
38609 6
38617 5
38622 8
38622 7
38623 3
38624 8
38633 1
38634 3
38644 9
38653 10
38661 9
38662 7
38671 9
38676 4
38681 1
38684 1
38686 3
38692 7
38698 5
38704 4
38704 6
38704 7
38710 9
38712 4
38718 2
38722 5
38731 10
38736 3
38745 10
38751 4
38751 10
38760 10
38769 2
38775 7
38784 3
38789 8
38794 5
38799 8
38803 6
38805 5
38810 10
38820 2
38826 3
38833 2
38835 10
38840 7
38850 2
38852 4
38857 4
38865 3
38872 6
38873 5
38878 7
38887 4
38887 10
38891 2
38893 9
38898 10
38904 8
38905 5
38908 7
38914 10
38921 9
38930 5
38933 7
38938 1
38944 9
38953 3
38962 1
38967 9
38972 7
38981 1
38981 5
38984 8
38986 3
38986 3
38993 5
38998 1
38999 6
39003 8
39009 3
39012 5
39013 4
39021 10
39028 6
39032 8
39042 1
39047 9
39051 10
39055 1
39063 2
39073 4
39083 4
39089 2
39095 2
39099 3
39106 8
39116 9
39120 6
39124 9
39128 1
39137 6
39146 6
39146 1
39156 4
39160 8
39168 6
39178 4
39184 9
39189 2
39192 5
39202 9
39203 4
39208 6
39218 9
39222 4
39227 5
39233 2
39236 7
39246 9
39256 7
39262 6
39268 1
39269 4
39278 7
39279 4
39281 2
39281 6
39286 2
39292 7
39292 1
39298 3
39308 1
39313 9
39317 10
39319 6
39326 4
39334 9
39337 3
39340 8
39344 9
39344 1
39344 4
39351 6
39352 3
39358 9
39367 5
39371 10
39380 6
39388 4
39398 4
39400 10
39405 4
39413 5
39420 2
39425 9
39435 4
39438 2
39439 1
39440 4
39450 3
39451 5
39455 4
39459 4
39469 3
39471 4
39478 9
39483 7
39485 3
39493 2
39502 3
39509 7
39513 2
39519 7
39525 9
39528 4
39528 3
39529 10
39534 4
39538 6
39541 3
39544 6
39550 2
39551 5
39559 3
39563 1
39563 7
39566 6
39570 9
39576 2
39581 3
39584 1
39584 7
39590 4
39598 6
39608 1
39611 8
39621 1
39630 10
39634 6
39641 2
39651 2
39653 7
39660 9
39669 9
39673 3
39683 9
39687 10
39697 5
39702 9
39710 4
39715 10
39718 7
39725 4
39727 6
39733 1
39737 1
39740 8
39744 8
39745 1
39745 10
39748 1
39749 8
39749 4
39755 4
39761 3
39765 5
39767 3
39772 7
39778 10
39785 1
39788 10
39791 1
39795 8
39799 7
39807 8
39815 5
39817 5
39821 1
39828 5
39832 4
39842 6
39843 5
39845 1
39852 7
39862 5
39868 10
39868 1
39875 5
39878 3
39886 10
39888 8
39896 2
39906 8
39911 2
39917 8
39922 4
39924 3
39926 2
39926 3
39933 6
39942 8
39952 4
39961 7
39961 7
39965 3
39972 3
39982 3
39992 2
39993 7
39995 6
40005 9
40015 9
40016 1
40018 9
40027 3
40034 2
40043 10
40046 1
40055 7
40057 9
40066 7
40073 8
40073 8
40078 3
40087 5
40094 3
40096 1
40103 9
40110 5
40110 7
40115 2
40124 2
40124 5
40130 1
40131 1
40139 9
40144 4
40150 10
40159 9
40167 10
40173 3
40175 1
40184 6
40193 5
40199 9
40208 3
40211 2
40211 4
40215 6
40224 7
40226 6
40231 7
40239 3
40242 4
40252 9
40252 9
40252 8
40252 6
40262 1
40262 8
40267 5
40270 2
40271 6
40280 2
40288 9
40289 1
40291 4
40296 7
40299 4
40303 4
40305 5
40310 5
40315 4
40324 9
40325 3
40332 6
40338 10
40339 3
40349 1
40349 8
40356 5
40357 5
40361 7
40366 9
40366 3
40371 6
40371 5
40374 2
40374 5
40382 3
40391 2
40394 7
40403 4
40410 10
40413 7
40414 5
40421 9
40424 1
40431 4
40434 10
40437 10
40442 6
40447 1
40452 1
40458 2
40460 2
40462 2
40466 10
40475 1
40481 1
40488 7
40494 1
40500 10
40509 3
40512 2
40517 1
40527 10
40533 7
40537 6
40543 5
40543 4
40545 3
40548 8
40558 2
40564 2
40572 10
40572 3
40582 6
40591 5
40595 5
40605 1
40611 10
40615 2
40622 2
40623 7
40630 5
40630 3
40631 8
40634 3
40643 3
40647 5
40652 6
40661 6
40667 8
40669 10
40676 8
40678 2
40682 2
40683 7
40686 1
40689 10
40699 5
40703 7
40705 6
40713 3
40715 7
40721 4
40725 7
40725 5
40732 10
40738 10
40738 6
40741 8
40744 5
40749 3
40749 9
40759 5
40767 7
40774 7
40783 2
40791 4
40795 9
40802 4
40807 9
40812 2
40819 3
40822 1
40827 4
40837 10
40842 4
40852 9
40861 7
40862 7
40862 7
40865 7
40873 3
40881 10
40884 2
40893 7
40900 2
40905 4
40915 1
40922 4
40931 4
40931 9
40938 7
40940 1
40945 2
40953 8
40962 9
40964 10
40973 8
40980 5
40980 3
40983 3
40987 3
40994 9
40994 10
41000 1
41008 7
41016 2
41017 10
41023 7
41024 1
41032 3
41032 1
41035 4
41040 2
41049 1
41049 3
41058 7
41064 9
41067 10
41074 9
41077 3
41079 3
41086 1
41096 8
41103 6
41105 5
41112 10
41113 1
41122 7
41129 5
41137 7
41142 2
41149 2
41159 2
41166 2
41176 3
41185 8
41195 10
41197 2
41201 8
41206 7
41207 9
41213 1
41223 3
41228 3
41238 8
41248 4
41255 6
41260 3
41267 8
41269 8
41277 10
41280 8
41284 4
41285 2
41295 10
41297 5
41304 8
41314 10
41315 6
41315 8
41320 5
41323 4
41330 9
41338 6
41343 2
41348 8
41355 9
41363 6
41372 8
41377 6
41383 7
41388 6
41390 8
41396 5
41400 1
41410 8
41417 3
41427 6
41435 8
41437 9
41438 7
41442 7
41444 4
41446 10
41455 1
41461 9
41462 7
41464 2
41473 3
41477 1
41482 9
41489 9
41493 2
41493 4
41500 6
41500 2
41509 9
41510 10
41512 4
41521 5
41531 5
41532 4
41542 9
41543 1
41553 2
41558 5
41564 2
41565 3
41570 8
41576 4
41579 2
41587 6
41592 7
41600 5
41601 5
41604 7
41609 6
41609 7
41613 6
41621 9
41625 2
41631 10
41633 10
41637 8
41644 3
41652 4
41655 9
41663 6
41663 6
41665 8
41671 5
41672 6
41678 5
41678 6
41678 10
41681 10
41688 2
41697 6
41700 6
41703 10
41704 5
41712 3
41713 5
41722 2
41726 2
41727 4
41731 5
41737 8
41737 2
41745 1
41745 9
41755 4
41760 3
41762 1
41772 3
41778 7
41779 7
41780 2
41784 10
41785 5
41793 3
41797 1
41798 1
41807 10
41811 2
41821 7
41824 3
41834 10
41839 3
41843 3
41848 4
41849 6
41859 1
41866 5
41867 3
41876 4
41885 8
41892 6
41892 3
41900 4
41908 8
41917 5
41919 4
41925 6
41933 8
41942 6
41951 1
41957 4
41967 10
41977 4
41986 6
41992 1
42001 3
42006 5
42010 5
42013 10
42021 10
42031 5
42037 1
42039 1
42044 1
42045 2
42054 9
42064 6
42073 3
42078 3
42083 9
42085 8
42085 4
42095 8
42102 2
42103 2
42113 4
42123 7
42127 7
42130 6
42130 7
42139 5
42147 3
42149 4
42153 3
42163 9
42170 2
42178 4
42182 10
42188 4
42193 2
42203 5
42209 5
42214 5
42223 2
42228 3
42237 8
42240 5
42249 8
42258 10
42260 9
42268 3
42273 6
42273 6
42280 1
42285 9
42287 8
42290 2
42300 10
42304 6
42308 7
42310 3
42320 6
42327 9
42335 10
42339 5
42348 8
42351 9
42354 7
42362 2
42370 4
42380 2
42383 9
42387 4
42394 2
42402 1
42406 8
42416 7
42416 2
42423 7
42430 6
42432 8
42432 3
42438 1
42444 1
42453 10
42455 6
42456 8
42465 8
42470 4
42470 1
42472 10
42480 7
42485 10
42491 2
42492 9
42501 1
42507 3
42515 6
42521 6
42522 8
42526 2
42526 1
42530 2
42539 1
42549 1
42554 9
42564 10
42568 8
42576 4
42578 9
42578 1
42578 2
42581 4
42584 9
42584 4
42584 7
42588 3
42593 8
42600 7
42601 9
42610 3
42617 10
42624 3
42634 5
42642 2
42643 10
42651 6
42661 8
42670 1
42677 1
42681 6
42690 3
42696 3
42698 4
42703 3
42709 9
42718 2
42727 9
42727 8
42735 3
42741 10
42743 3
42752 4
42752 9
42753 8
42754 2
42754 5
42755 1
42756 8
42762 1
42768 9
42773 5
42776 6
42784 7
42791 10
42798 4
42800 3
42804 10
42811 7
42815 4
42824 7
42828 7
42831 10
42835 3
42844 6
42850 9
42859 3
42866 5
42867 10
42867 4
42875 1
42875 2
42877 6
42884 1
42890 10
42898 7
42903 10
42904 1
42908 3
42918 8
42918 9
42921 3
42924 1
42930 2
42930 9
42930 9
42940 5
42946 2
42946 3
42955 3
42955 7
42961 8
42966 4
42967 7
42974 3
42982 6
42984 2
42988 4
42995 7
43001 2
43001 2
43004 8
43004 4
43012 7
43020 5
43022 10
43024 10
43024 9
43026 6
43026 2
43035 3
43041 3
43046 7
43047 8
43052 2
43057 1
43067 3
43068 3
43071 2
43080 6
43084 2
43090 9
43097 5
43107 7
43112 4
43120 2
43126 5
43136 2
43146 3
43155 9
43160 10
43166 1
43176 2
43178 4
43183 7
43193 8
43202 5
43203 3
43210 6
43214 1
43222 7
43222 9
43225 9
43226 8
43234 8
43237 8
43238 8
43243 4
43248 6
43248 3
43253 8
43259 3
43269 8
43278 3
43283 6
43288 8
43290 10
43293 7
43293 7
43297 2
43298 1
43306 5
43311 1
43311 8
43318 7
43323 3
43331 1
43334 7
43338 2
43339 5
43339 7
43347 1
43354 9
43358 7
43360 3
43362 1
43364 1
43366 2
43375 5
43377 1
43377 10
43382 6
43386 10
43386 1
43392 7
43396 10
43400 1
43403 1
43403 9
43407 8
43410 7
43413 6
43416 4
43425 9
43427 8
43432 10
43436 6
43442 9
43446 1
43447 8
43454 10
43454 1
43458 1
43466 2
43475 10
43480 4
43483 8
43485 6
43493 9
43496 3
43504 9
43506 5
43511 9
43515 10
43517 6
43520 7
43530 1
43536 6
43538 10
43543 4
43544 8
43554 10
43558 1
43564 10
43572 3
43573 7
43577 7
43581 4
43588 7
43591 8
43592 4
43598 8
43603 5
43613 9
43616 4
43623 9
43626 2
43631 9
43634 5
43641 2
43647 3
43651 7
43658 10
43664 7
43666 9
43666 8
43667 2
43667 10
43673 2
43677 4
43681 1
43691 9
43695 3
43695 7
43697 10
43702 6
43704 8
43708 4
43713 6
43723 5
43729 8
43738 9
43745 2
43748 8
43754 7
43764 10
43769 6
43772 2
43772 9
43773 8
43779 10
43786 3
43790 9
43794 5
43804 10
43808 1
43812 4
43822 7
43829 7
43838 9
43846 5
43853 2
43857 10
43863 3
43873 5
43876 8
43878 5
43879 4
43886 10
43888 8
43898 1
43905 5
43907 7
43917 2
43925 6
43933 9
43937 2
43939 4
43939 7
43948 9
43952 9
43956 10
43963 9
43973 8
43973 4
43979 6
43981 5
43981 2
43989 4
43990 7
43996 6
44002 4
44011 9
44016 10
44021 7
44029 1
44033 5
44033 2
44037 4
44040 3
44047 5
44049 3
44059 4
44060 3
44069 2
44079 10
44086 8
44089 5
44091 2
44091 4
44092 3
44093 5
44098 5
44101 4
44110 6
44112 6
44112 7
44112 3
44117 7
44122 9
44123 8
44129 6
44138 3
44145 4
44153 8
44158 3
44168 4
44177 1
44184 6
44186 7
44189 3
44193 5
44199 4
44199 1
44202 5
44205 1
44215 2
44221 10
44227 2
44233 9
44238 1
44245 2
44251 2
44258 3
44263 9
44266 10
44266 3
44274 4
44284 2
44290 2
44293 8
44294 10
44297 2
44304 3
44311 2
44320 5
44321 6
44326 8
44326 10
44332 7
44341 1
44350 3
44354 10
44360 5
44362 1
44363 9
44369 1
44373 8
44383 2
44389 8
44398 5
44403 9
44411 10
44416 1
44425 1
44434 10
44441 3
44445 8
44447 9
44448 6
44457 1
44465 10
44469 7
44470 5
44480 1
44486 2
44496 6
44502 9
44510 1
44513 5
44513 8
44515 3
44521 8
44527 5
44531 5
44541 1
44548 8
44551 8
44557 1
44558 5
44568 5
44578 10
44584 1
44590 6
44593 9
44600 5
44608 6
44616 7
44618 1
44627 2
44634 4
44639 4
44642 6
44645 9
44645 6
44647 1
44656 2
44665 4
44669 10
44673 6
44683 1
44691 3
44698 8
44706 10
44709 3
44711 7
44715 9
44717 10
44719 4
44722 3
44729 3
44729 2
44733 8
44739 1
44748 6
44748 7
44758 9
44759 3
44769 2
44769 8
44772 8
44772 2
44778 7
44779 1
44782 3
44791 2
44799 1
44802 5
44807 2
44811 6
44818 5
44826 6
44826 5
44834 1
44841 3
44850 1
44857 4
44862 6
44870 9
44879 4
44888 4
44897 10
44902 3
44905 3
44913 2
44922 5
44932 2
44939 1
44941 10
44947 3
44956 1
44960 4
44961 9
44967 7
44968 8
44973 10
44973 7
44975 6
44975 8
44975 5
44984 7
44994 9
44995 10
45001 5
45008 4
45014 3
45020 4
45027 10
45034 7
45044 3
45046 8
45052 6
45056 5
45059 5
45069 10
45079 6
45088 1
45093 8
45093 5
45103 1
45106 1
45116 3
45119 10
45119 10
45124 2
45132 2
45136 6
45144 5
45154 2
45155 9
45157 1
45161 4
45166 7
45172 2
45180 5
45180 2
45189 6
45193 3
45195 1
45205 4
45208 6
45218 3
45225 8
45227 7
45231 1
45231 5
45241 8
45243 5
45244 10
45253 9
45254 10
45260 2
45265 9
45272 2
45275 8
45283 2
45283 4
45293 7
45295 4
45305 2
45305 8
45315 6
45317 9
45320 4
45328 8
45338 5
45346 6
45350 3
45354 1
45358 2
45361 3
45371 2
45378 9
45385 1
45394 2
45397 8
45400 2
45407 8
45407 3
45415 10
45425 7
45427 8
45427 1
45433 6
45436 7
45446 9
45455 4
45461 9
45467 1
45470 9
45476 2
45485 4
45488 1
45492 7
45493 4
45501 7
45506 2
45510 4
45512 7
45521 3
45526 9
45536 5
45539 6
45548 1
45553 3
45562 1
45564 6
45571 1
45580 9
45587 2
45596 5
45604 4
45614 4
45619 9
45626 7
45631 4
45637 7
45640 2
45647 3
45650 1
45660 2
45670 4
45674 8
45678 5
45683 5
45693 1
45695 8
45695 6
45700 3
45700 3
45705 9
45715 8
45722 8
45729 10
45731 4
45733 10
45742 6
45742 6
45746 10
45749 2
45752 2
45760 4
45765 9
45769 3
45770 7
45778 6
45786 3
45789 2
45799 8
45805 2
45813 7
45813 10
45819 7
45825 7
45828 10
45834 2
45840 5
45850 3
45858 6
45867 8
45871 10
45872 7
45873 10
45878 6
45881 4
45890 9
45895 2
45896 4
45904 6
45911 8
45913 4
45918 10
45920 7
45929 3
45934 10
45941 6
45941 7
45949 5
45949 3
45959 6
45968 8
45968 8
45973 4
45976 3
45983 4
45993 1
46002 3
46006 5
46012 4
46021 5
46026 3
46033 4
46043 3
46047 9
46051 9
46052 4
46059 1
46063 1
46072 5
46082 7
46085 6
46095 5
46096 9
46096 1
46098 2
46104 7
46104 4
46114 5
46118 1
46128 4
46130 10
46139 8
46147 2
46152 5
46160 4
46170 7
46173 2
46183 10
46183 4
46183 6
46189 7
46198 8
46203 5
46207 10
46214 8
46219 5
46229 6
46232 8
46236 4
46236 6
46238 7
46244 8
46251 6
46258 2
46259 9
46267 5
46267 2
46268 8
46269 7
46271 4
46277 4
46281 4
46288 4
46298 8
46302 6
46310 5
46318 8
46326 5
46331 1
46340 2
46348 7
46349 7
46351 1
46361 8
46364 3
46374 6
46379 1
46389 5
46399 3
46399 4
46405 7
46412 4
46420 4
46427 9
46434 6
46441 7
46441 9
46450 3
46454 10
46456 1
46461 1
46471 10
46475 8
46475 10
46482 7
46484 1
46489 4
46493 1
46494 2
46495 6
46499 1
46509 2
46510 1
46515 1
46516 6
46524 6
46531 8
46536 10
46539 2
46549 8
46552 5
46561 5
46570 3
46578 10
46578 5
46581 5
46584 2
46591 8
46598 4
46604 6
46609 1
46611 5
46618 7
46627 7
46637 7
46645 10
46651 5
46652 2
46658 2
46666 2
46671 9
46680 5
46680 6
46689 4
46694 1
46695 8
46698 2
46708 3
46715 3
46725 10
46735 6
46744 2
46753 4
46758 8
46762 7
46768 3
46770 9
46773 7
46782 9
46786 6
46789 3
46790 4
46793 10
46799 7
46801 7
46804 4
46810 9
46817 5
46825 2
46827 9
46829 5
46835 5
46838 9
46839 10
46848 7
46848 2
46855 10
46861 5
46869 3
46876 2
46877 1
46878 7
46878 3
46884 2
46887 7
46893 6
46900 2
46904 5
46913 5
46920 4
46929 8
46933 2
46938 2
46941 8
46950 1
46950 6
46959 9
46962 1
46965 5
46967 8
46975 4
46983 3
46989 8
46997 9
47001 2
47010 5
47019 9
47024 10
47034 5
47038 5
47042 3
47045 7
47046 4
47053 5
47057 1
47063 10
47067 9
47077 10
47081 2
47083 10
47092 4
47102 5
47112 5
47121 1
47129 8
47133 4
47135 7
47135 2
47135 9
47138 7
47141 9
47142 4
47142 1
47146 7
47153 7
47153 6
47156 3
47166 2
47174 10
47184 8
47190 9
47196 8
47205 4
47212 4
47213 6
47213 4
47220 9
47229 6
47239 6
47246 4
47251 10
47258 2
47259 3
47259 3
47259 8
47264 3
47264 2
47264 5
47268 1
47274 1
47277 2
47287 2
47291 5
47293 3
47301 9
47309 1
47314 7
47314 1
47324 8
47329 4
47335 4
47339 4
47345 8
47348 4
47357 8
47363 3
47363 9
47373 2
47383 1
47391 2
47400 2
47410 10
47417 7
47423 10
47429 7
47432 2
47439 3
47444 7
47453 5
47455 7
47457 5
47465 4
47475 5
47481 6
47486 1
47490 8
47494 2
47499 3
47508 2
47514 5
47521 8
47522 8
47524 2
47528 9
47537 8
47542 1
47542 6
47542 8
47550 3
47554 9
47561 4
47565 6
47574 6
47574 6
47579 1
47586 4
47595 7
47598 10
47600 10
47610 8
47619 7
47629 1
47635 6
47639 5
47641 5
47643 10
47647 10
47654 7
47654 6
47662 5
47671 6
47673 8
47673 3
47680 2
47690 8
47691 3
47700 10
47705 7
47711 5
47717 3
47723 5
47728 10
47729 1
47729 4
47736 4
47736 4
47737 9
47747 2
47753 9
47755 9
47763 7
47773 2
47781 8
47788 2
47790 1
47800 6
47808 10
47813 4
47818 5
47824 9
47824 6
47827 8
47834 4
47843 10
47845 8
47848 2
47858 3
47861 1
47869 4
47878 5
47878 10
47881 3
47881 6
47884 2
47894 5
47899 9
47900 4
47907 9
47912 9
47920 3
47922 9
47927 10
47930 8
47937 2
47941 8
47947 8
47948 7
47954 10
47957 8
47960 4
47964 6
47973 7
47983 10
47983 10
47990 8
48000 6
48006 10
48016 9
48025 8
48029 1
48037 10
48037 5
48042 1
48048 8
48051 9
48060 5
48062 6
48072 5
48080 1
48084 5
48087 10
48087 5
48093 6
48095 9
48096 7
48096 10
48101 10
48104 1
48108 10
48114 2
48118 4
48119 4
48126 10
48131 5
48139 7
48144 7
48144 10
48150 6
48150 8
48156 10
48160 6
48165 1
48171 7
48178 8
48182 2
48187 5
48191 7
48200 5
48207 1
48207 8
48216 10
48217 4
48224 10
48226 6
48230 6
48234 3
48235 9
48238 9
48241 6
48243 10
48251 5
48252 5
48253 6
48261 2
48262 10
48270 4
48270 7
48276 9
48279 9
48279 5
48282 2
48282 10
48292 1
48299 5
48309 3
48317 7
48321 3
48328 3
48334 2
48334 6
48343 4
48347 9
48350 1
48354 8
48359 3
48369 6
48374 2
48382 7
48392 4
48394 3
48395 9
48400 8
48406 2
48414 3
48416 5
48423 4
48424 3
48432 8
48439 2
48448 4
48449 9
48455 2
48459 6
48465 7
48469 1
48479 7
48485 9
48491 4
48493 5
48495 6
48502 7
48502 7
48510 5
48510 2
48517 3
48520 4
48523 5
48523 4
48532 7
48538 3
48539 8
48543 9
48548 5
48555 10
48563 1
48570 10
48578 8
48579 8
48582 5
48588 2
48595 7
48600 9
48606 3
48610 5
48620 3
48623 9
48623 8
48629 9
48633 1
48633 4
48643 5
48647 3
48647 4
48655 6
48658 3
48667 6
48676 5
48683 4
48689 9
48696 10
48702 9
48704 2
48709 7
48709 3
48716 10
48725 3
48729 3
48729 8
48733 6
48737 7
48743 1
48747 1
48750 9
48757 6
48764 8
48765 7
48766 4
48772 6
48782 1
48783 2
48786 7
48796 7
48802 10
48809 7
48810 7
48814 7
48815 6
48815 6
48819 4
48821 2
48828 9
48837 2
48843 9
48853 4
48860 7
48867 2
48871 10
48873 6
48874 3
48882 8
48890 7
48899 10
48905 4
48909 10
48910 7
48917 2
48924 1
48927 8
48935 2
48939 2
48949 10
48952 5
48955 2
48957 10
48959 3
48962 7
48972 2
48981 5
48987 2
48989 6
48993 6
48996 6
49000 2
49001 7
49007 9
49011 2
49012 3
49017 9
49017 7
49022 4
49027 7
49027 2
49033 8
49039 5
49047 3
49052 9
49059 1
49059 6
49060 2
49069 6
49073 4
49079 1
49088 5
49098 5
49104 10
49112 2
49122 1
49123 8
49125 1
49130 9
49133 6
49143 4
49149 6
49155 9
49164 7
49174 8
49180 5
49187 9
49192 9
49201 1
49207 3
49213 8
49221 8
49221 3
49222 1
49230 5
49233 10
49234 4
49236 1
49236 3
49236 10
49236 8
49237 10
49243 2
49253 10
49256 8
49261 9
49262 9
49265 1
49267 9
49268 4
49275 2
49276 5
49285 2
49288 1
49288 3
49293 4
49296 4
49303 7
49303 2
49313 4
49323 3
49331 5
49337 1
49344 4
49344 3
49347 4
49355 3
49356 10
49360 5
49361 10
49365 1
49369 1
49379 9
49383 3
49385 10
49385 1
49390 9
49397 4
49403 6
49406 2
49413 7
49414 1
49423 7
49432 7
49437 1
49444 5
49447 10
49448 8
49457 8
49457 10
49461 10
49469 8
49476 8
49482 1
49488 2
49493 3
49496 1
49501 2
49508 6
49511 4
49520 6
49526 10
49533 7
49534 7
49543 1
49546 1
49546 7
49556 1
49558 3
49561 9
49563 7
49572 7
49575 7
49581 7
49583 7
49591 9
49594 10
49604 1
49613 8
49617 10
49617 4
49626 1
49631 1
49634 7
49635 5
49636 4
49640 1
49646 1
49655 9
49658 10
49662 2
49671 1
49672 9
49680 9
49684 9
49690 8
49694 3
49696 3
49704 2
49705 2
49715 6
49723 1
49733 6
49740 4
49740 1
49744 1
49752 2
49752 6
49758 3
49765 10
49772 7
49774 4
49776 9
49781 6
49787 6
49792 10
49799 4
49804 9
49806 4
49806 3
49815 7
49821 1
49824 9
49826 10
49827 4
49832 3
49840 8
49844 1
49853 3
49860 7
49860 4
49868 1
49868 1
49878 6
49879 4
49883 1
49893 6
49896 10
49897 8
49905 6
49905 10
49909 3
49915 5
49920 4
49922 10
49927 6
49934 1
49940 2
49944 8
49953 6
49955 8
49957 2
49965 10
49965 8
49971 3
49978 10
49984 4
49985 1
49993 6
49993 8
49994 8
50002 1
50009 3
50012 10
50020 2
50021 2
50022 4
50028 5
50032 7
50037 4
50038 8
50041 2
50042 6
50045 10
50049 10
50053 9
50062 2
50064 7
50067 3
50069 6
50074 5
50081 7
50086 4
50089 3
50095 7
50101 10
50111 10
50111 5
50120 9
50126 9
50131 3
50138 7
50138 7
50142 1
50142 10
50144 7
50150 7
50152 4
50162 5
50171 4
50172 5
50172 7
50172 10
50172 2
50172 8
50181 6
50185 8
50190 7
50200 8
50206 7
50209 7
50213 5
50218 9
50226 9
50233 9
50242 8
50250 8
50258 10
50264 8
50266 6
50267 4
50276 1
50279 7
50285 1
50285 8
50286 5
50294 1
50294 1
50301 1
50306 5
50308 2
50309 4
50318 7
50320 9
50324 8
50332 3
50335 8
50343 8
50349 3
50354 2
50359 6
50367 7
50374 9
50376 8
50382 10
50389 1
50394 6
50397 4
50402 9
50405 10
50413 5
50413 4
50416 8
50418 10
50419 1
50422 1
50430 1
50436 6
50445 9
50451 10
50461 9
50467 3
50474 6
50480 9
50482 10
50488 4
50494 2
50502 10
50506 10
50514 9
50518 2
50527 7
50537 1
50541 5
50548 9
50557 1
50557 6
50566 3
50568 3
50572 8
50572 9
50574 7
50579 2
50584 10
50590 8
50592 2
50601 3
50611 5
50612 2
50617 5
50618 4
50619 1
50625 2
50630 3
50633 4
50633 7
50641 6
50648 7
50656 1
50665 8
50675 8
50676 9
50682 9
50689 6
50689 3
50691 4
50691 10
50701 5
50702 9
50704 6
50706 9
50709 9
50718 5
50726 3
50736 2
50745 5
50746 2
50752 4
50759 7
50760 5
50770 2
50774 4
50778 6
50782 4
50791 9
50795 9
50798 3
50804 5
50810 3
50817 5
50822 10
50822 5
50822 3
50822 3
50824 10
50834 9
50836 9
50846 6
50854 4
50863 9
50871 9
50871 3
50879 5
50880 1
50885 5
50890 2
50890 6
50894 8
50902 10
50908 1
50912 1
50922 2
50931 6
50931 4
50932 7
50940 3
50948 2
50955 2
50956 3
50963 6
50966 2
50968 2
50970 8
50973 9
50979 1
50987 8
50989 3
50993 4
50998 10
51001 8
51011 1
51012 6
51017 6
51025 10
51026 1
51035 6
51036 5
51039 1
51043 10
51044 2
51045 2
51053 5
51058 3
51060 1
51063 8
51067 8
51068 10
51073 10
51081 2
51090 7
51093 7
51103 6
51108 1
51115 6
51120 8
51126 4
51133 10
51143 3
51147 8
51157 4
51159 6
51167 3
51171 10
51179 2
51183 7
51190 4
51199 3
51209 7
51215 8
51225 7
51229 5
51235 7
51242 9
51250 8
51253 6
51258 3
51266 7
51273 8
51274 3
51284 8
51291 1
51300 4
51310 4
51317 10
51319 6
51324 9
51324 9
51326 5
51329 7
51333 7
51338 4
51348 5
51358 8
51358 8
51365 5
51367 1
51373 9
51381 10
51389 7
51399 7
51399 8
51402 3
51404 3
51408 6
51411 9
51421 4
51426 6
51434 7
51436 4
51436 7
51443 1
51444 6
51444 4
51448 3
51448 7
51452 6
51457 6
51465 3
51472 7
51472 9
51478 5
51483 2
51491 6
51491 6
51499 5
51506 10
51516 2
51520 6
51522 2
51524 9
51525 9
51525 6
51525 3
51535 5
51543 10
51548 7
51557 1
51558 5
51567 1
51569 6
51577 4
51585 2
51586 2
51589 4
51589 9
51593 2
51601 9
51605 4
51607 9
51610 3
51611 8
51620 4
51623 2
51623 6
51630 2
51634 8
51640 10
51648 5
51652 9
51662 5
51663 2
51664 6
51670 5
51675 5
51679 3
51682 2
51683 9
51684 10
51689 9
51690 5
51690 9
51692 7
51697 4
51697 10
51703 1
51712 10
51714 4
51716 5
51716 10
51720 4
51721 8
51728 4
51731 4
51735 10
51744 9
51750 3
51758 9
51759 9
51762 4
51772 7
51782 6
51783 9
51790 5
51798 10
51806 7
51815 7
51817 9
51825 6
51826 4
51827 7
51829 4
51834 3
51836 1
51837 7
51842 2
51852 2
51859 10
51863 9
51863 7
51869 9
51878 10
51881 1
51889 7
51893 4
51900 3
51905 6
51911 2
51918 9
51921 2
51930 1
51937 9
51937 4
51944 4
51949 2
51953 2
51954 7
51957 10
51959 4
51968 6
51975 10
51981 9
51985 8
51994 7
52002 7
52009 5
52015 6
52017 9
52021 4
52030 3
52033 6
52039 9
52043 8
52047 4
52052 8
52058 9
52066 3
52067 4
52077 1
52086 3
52092 1
52101 7
52105 4
52110 6
52119 3
52122 6
52125 5
52127 5
52130 6
52137 2
52145 10
52152 1
52152 9
52155 7
52157 9
52161 1
52161 7
52168 8
52169 7
52177 1
52178 3
52186 10
52189 4
52196 10
52199 3
52200 5
52206 5
52209 9
52209 3
52212 6
52215 5
52223 3
52228 8
52233 5
52235 5
52237 5
52245 3
52249 8
52255 8
52262 8
52266 2
52275 5
52278 1
52279 10
52283 9
52287 8
52294 5
52294 7
52298 2
52302 9
52307 1
52312 6
52317 7
52318 3
52326 2
52334 9
52337 4
52344 8
52349 7
52356 8
52364 6
52368 9
52368 9
52378 5
52385 10
52393 7
52402 7
52412 5
52422 5
52423 2
52429 8
52433 10
52434 4
52436 6
52440 7
52441 6
52449 4
52459 7
52465 2
52475 3
52477 7
52487 3
52492 3
52492 8
52499 3
52506 6
52513 8
52522 5
52531 5
52531 2
52538 8
52548 7
52550 4
52560 5
52566 7
52573 9
52576 8
52580 6
52582 10
52582 10
52584 4
52591 6
52595 3
52600 4
52605 3
52606 9
52606 6
52610 2
52616 2
52623 6
52625 5
52630 3
52639 7
52649 3
52649 3
52652 9
52656 10
52666 10
52670 7
52679 8
52684 2
52692 2
52702 7
52707 5
52710 3
52713 9
52717 8
52721 2
52724 3
52733 1
52735 7
52737 4
52746 8
52749 9
52752 8
52761 8
52761 7
52761 7
52765 5
52767 4
52772 5
52780 7
52781 4
52788 8
52793 1
52797 4
52801 2
52801 8
52806 10
52808 6
52812 5
52813 9
52816 3
52817 7
52819 1
52829 6
52834 3
52836 10
52840 10
52846 6
52848 9
52850 3
52851 6
52856 10
52861 8
52869 7
52871 9
52880 7
52886 3
52894 10
52903 4
52905 2
52915 8
52922 6
52923 2
52933 3
52933 9
52940 10
52942 6
52946 4
52949 8
52950 9
52959 6
52968 1
52975 8
52976 7
52977 8
52984 9
52991 1
52992 6
52997 6
53006 3
53016 2
53021 2
53023 7
53028 4
53038 7
53039 1
53041 8
53041 6
53043 4
53044 10
53048 1
53049 8
53059 3
53065 4
53074 10
53082 3
53089 4
53093 3
53101 3
53103 3
53105 9
53108 4
53116 8
53126 5
53131 2
53132 2
53137 3
53143 3
53143 3
53150 4
53153 9
53154 6
53156 4
53163 2
53165 6
53172 4
53179 1
53186 5
53187 8
53190 10
53193 3
53195 2
53198 4
53208 4
53216 6
53225 2
53231 5
53231 6
53234 7
53243 6
53243 2
53253 1
53254 9
53254 3
53262 3
53266 7
53272 6
53278 4
53280 4
53281 9
53291 5
53292 5
53298 8
53300 2
53303 8
53306 1
53316 8
53326 3
53328 5
53337 6
53337 10
53344 6
53353 2
53357 8
53362 9
53371 7
53380 7
53386 8
53394 10
53394 1
53398 8
53399 10
53399 5
53401 5
53407 1
53408 9
53411 3
53411 7
53418 8
53427 10
53430 2
53432 3
53435 9
53439 3
53443 1
53452 9
53457 9
53467 6
53473 4
53479 3
53482 1
53487 5
53497 9
53501 9
53507 8
53513 6
53518 1
53528 7
53531 9
53537 1
53541 5
53544 10
53545 9
53545 7
53549 5
53555 7
53565 2
53575 3
53580 5
53582 1
53583 5
53591 10
53592 5
53594 6
53603 9
53611 8
53613 5
53621 8
53622 3
53629 9
53630 5
53637 6
53647 1
53654 9
53659 3
53662 8
53665 7
53673 4
53677 7
53683 1
53691 6
53691 1
53693 7
53700 10
53703 6
53707 10
53709 7
53712 8
53714 7
53718 1
53724 10
53733 9
53734 9
53735 1
53739 4
53742 4
53742 3
53747 4
53755 6
53756 8
53757 10
53759 3
53761 3
53764 5
53767 3
53777 1
53787 7
53793 9
53797 3
53801 2
53803 4
53811 8
53820 3
53822 7
53825 5
53829 10
53833 4
53839 4
53848 9
53848 9
53849 6
53856 2
53863 8
53872 9
53880 5
53886 1
53892 8
53902 8
53904 2
53911 9
53911 9
53917 1
53923 5
53923 10
53929 5
53932 5
53940 8
53945 3
53947 9
53948 10
53950 4
53957 6
53964 1
53974 3
53977 7
53977 9
53982 2
53987 9
53992 5
53996 2
53997 9
54004 10
54008 5
54018 3
54018 5
54019 10
54023 3
54033 10
54043 8
54050 6
54056 5
54059 10
54059 5
54069 3
54077 1
54080 10
54086 1
54092 9
54101 1
54105 10
54109 7
54119 6
54120 6
54124 6
54133 10
54134 8
54138 7
54138 10
54148 1
54156 3
54164 10
54170 4
54179 3
54181 9
54184 6
54186 2
54196 1
54196 5
54197 3
54197 10
54200 4
54208 9
54212 9
54221 4
54225 4
54234 2
54237 2
54241 8
54243 10
54247 1
54257 8
54266 1
54273 1
54282 7
54292 10
54295 9
54303 6
54308 7
54312 7
54313 5
54319 10
54326 5
54328 4
54336 7
54340 2
54344 1
54353 1
54353 8
54362 9
54362 7
54367 1
54376 3
54384 2
54385 1
54390 10
54398 8
54398 4
54406 3
54408 8
54410 1
54418 10
54426 9
54434 6
54441 4
54448 3
54451 4
54455 7
54464 2
54467 6
54469 8
54469 9
54474 9
54474 1
54474 1
54481 5
54486 10
54493 6
54499 7
54499 7
54507 8
54512 2
54516 3
54525 9
54535 8
54535 7
54541 3
54547 2
54556 1
54557 5
54563 3
54573 3
54581 5
54582 1
54589 2
54590 3
54596 7
54597 1
54599 4
54608 6
54614 7
54622 8
54630 1
54630 6
54636 7
54637 3
54643 1
54643 5
54646 8
54651 1
54651 6
54661 9
54661 9
54662 7
54668 2
54668 6
54676 7
54677 10
54686 9
54694 2
54703 9
54707 6
54715 5
54723 8
54724 10
54732 4
54738 3
54743 1
54746 5
54751 6
54758 2
54766 7
54775 8
54782 8
54788 5
54789 3
54791 5
54800 3
54806 10
54806 5
54808 10
54817 6
54827 4
54827 8
54836 7
54845 5
54851 8
54856 7
54857 8
54858 5
54860 5
54862 4
54866 6
54868 2
54869 9
54877 8
54883 5
54893 6
54899 5
54903 7
54904 8
54907 9
54913 3
54914 3
54920 1
54922 6
54923 5
54932 8
54942 10
54945 2
54945 6
54946 1
54947 6
54955 10
54963 9
54971 2
54974 1
54978 2
54985 7
54986 10
54990 3
54996 4
55000 8
55005 1
55007 4
55017 8
55022 3
55027 2
55034 4
55034 1
55038 1
55047 9
55054 2
55055 9
55060 4
55061 8
55064 4
55073 4
55083 7
55090 10
55099 8
55099 1
55102 6
55107 1
55112 7
55122 5
55123 5
55125 4
55135 5
55142 7
55145 3
55145 7
55150 7
55150 10
55160 8
55170 5
55171 10
55181 1
55181 9
55183 8
55192 4
55195 7
55203 6
55207 7
55212 4
55212 9
55221 7
55224 5
55232 9
55233 10
55242 8
55246 5
55253 2
55253 4
55257 9
55259 8
55269 4
55278 4
55285 7
55289 9
55289 5
55297 10
55299 6
55305 7
55305 3
55310 2
55314 3
55319 8
55319 3
55326 6
55329 4
55334 5
55334 2
55343 8
55346 9
55353 3
55356 8
55365 7
55365 8
55370 7
55380 1
55387 1
55394 5
55395 2
55400 2
55407 10
55410 6
55419 4
55419 5
55426 8
55432 9
55437 10
55440 3
55444 9
55449 10
55452 4
55458 6
55461 9
55470 5
55475 9
55484 1
55492 3
55502 4
55505 5
55506 9
55507 6
55517 4
55520 3
55527 1
55532 2
55535 1
55537 6
55542 3
55550 9
55556 6
55559 7
55560 10
55566 3
55572 7
55579 3
55584 3
55594 4
55596 5
55602 6
55610 10
55618 7
55622 3
55631 7
55632 7
55640 6
55645 4
55646 9
55646 1
55647 8
55649 2
55657 6
55663 2
55671 2
55678 6
55684 10
55692 7
55695 6
55695 9
55703 8
55707 7
55717 9
55723 4
55724 3
55730 3
55731 8
55741 1
55750 10
55754 4
55756 9
55762 9
55765 8
55774 8
55777 7
55781 7
55790 6
55797 8
55803 4
55810 5
55815 2
55822 9
55828 3
55829 3
55838 5
55847 2
55849 1
55855 4
55860 8
55867 4
55867 9
55876 2
55884 4
55889 10
55891 4
55898 7
55899 3
55909 5
55916 9
55924 8
55927 9
55928 8
55933 2
55939 10
55948 2
55956 8
55959 5
55963 4
55971 2
55974 10
55983 8
55987 4
55997 3
56000 6
56001 9
56006 8
56009 5
56015 8
56015 6
56021 10
56026 3
56030 8
56037 8
56044 7
56049 5
56059 8
56063 4
56065 6
56068 10
56072 3
56074 8
56080 8
56085 4
56094 10
56097 6
56099 7
56104 9
56106 9
56116 7
56116 9
56119 5
56128 8
56137 8
56143 9
56144 8
56146 7
56155 10
56159 8
56167 3
56173 6
56176 8
56181 10
56191 9
56198 6
56208 6
56212 10
56215 1
56222 1
56231 4
56232 4
56234 2
56235 6
56245 6
56246 9
56250 4
56253 10
56256 8
56260 3
56260 10
56260 5
56263 3
56263 9
56265 3
56271 2
56271 2
56277 8
56284 9
56285 5
56294 10
56303 4
56309 8
56315 8
56321 3
56330 5
56334 9
56336 1
56336 3
56338 5
56347 1
56354 2
56357 4
56364 6
56372 4
56375 9
56382 6
56386 10
56386 7
56396 2
56400 10
56400 5
56406 5
56412 10
56415 7
56417 5
56420 3
56428 1
56429 9
56432 1
56432 9
56432 9
56437 2
56447 1
56447 7
56457 9
56464 8
56465 6
56465 1
56468 3
56468 3
56473 3
56475 7
56483 4
56488 1
56496 9
56499 4
56501 5
56511 7
56521 5
56530 9
56533 2
56538 9
56539 2
56546 6
56553 5
56563 6
56571 6
56581 4
56583 7
56585 6
56594 6
56599 3
56606 5
56606 9
56608 5
56610 3
56618 6
56623 6
56632 1
56635 6
56641 2
56645 6
56655 2
56660 1
56666 5
56675 6
56681 8
56684 4
56689 2
56695 3
56703 10
56710 5
56710 8
56711 6
56721 1
56722 7
56724 3
56730 2
56737 2
56737 8
56739 9
56744 10
56752 6
56761 10
56768 8
56773 4
56783 10
56788 8
56789 7
56796 9
56805 6
56810 5
56811 6
56811 6
56818 10
56825 7
56829 9
56834 8
56841 5
56841 2
56847 2
56850 3
56855 2
56856 10
56857 5
56864 1
56869 4
56876 1
56884 4
56884 10
56887 4
56888 3
56894 6
56901 7
56909 9
56910 5
56919 4
56921 2
56922 1
56929 6
56938 3
56947 6
56948 2
56953 9
56963 4
56965 9
56966 7
56972 10
56980 4
56987 5
56992 7
56994 4
57004 9
57008 8
57014 2
57024 5
57025 2
57028 1
57028 6
57036 9
57037 8
57043 10
57053 2
57059 9
57060 1
57066 1
57075 5
57083 9
57093 5
57100 6
57110 1
57116 9
57126 2
57135 6
57139 10
57142 9
57146 5
57150 1
57159 1
57165 5
57166 5
57173 9
57180 2
57184 6
57186 7
57195 1
57198 4
57208 1
57218 2
57227 5
57230 2
57235 9
57245 5
57254 5
57261 4
57267 7
57271 7
57275 9
57278 6
57283 4
57290 10
57295 1
57299 7
57309 10
57309 6
57312 2
57320 2
57329 8
57333 4
57334 3
57343 7
57350 7
57356 8
57366 4
57373 3
57374 7
57378 5
57388 8
57395 9
57402 3
57407 5
57416 7
57419 9
57423 4
57424 1
57429 10
57439 8
57448 2
57448 6
57458 3
57468 4
57476 4
57479 2
57488 3
57492 2
57497 8
57500 4
57508 4
57516 1
57516 5
57520 4
57526 1
57530 4
57535 10
57536 9
57545 1
57546 7
57548 2
57548 7
57548 9
57553 1
57563 7
57567 3
57567 7
57571 8
57579 9
57582 9
57589 6
57595 3
57605 3
57607 1
57612 5
57622 8
57626 8
57630 2
57640 7
57646 4
57649 6
57650 5
57658 2
57658 5
57667 5
57675 1
57682 6
57685 7
57690 6
57700 4
57703 7
57706 8
57710 9
57720 1
57722 3
57731 9
57733 2
57737 3
57740 7
57745 5
57749 1
57752 3
57752 10
57757 8
57765 9
57768 7
57768 5
57774 10
57783 7
57789 8
57796 9
57801 8
57802 1
57811 7
57812 9
57814 2
57814 6
57818 10
57828 5
57831 2
57832 10
57836 10
57846 6
57848 9
57849 6
57856 3
57866 4
57871 5
57879 5
57882 6
57884 5
57886 6
57894 4
57894 7
57896 4
57897 5
57905 9
57915 1
57918 8
57920 1
57927 6
57937 8
57944 7
57946 6
57949 7
57959 4
57965 9
57971 3
57976 6
57984 5
57991 8
57996 7
58006 8
58012 2
58015 7
58017 1
58020 7
58021 3
58023 1
58023 4
58030 2
58040 10
58049 9
58051 5
58057 2
58063 6
58065 2
58068 7
58072 3
58072 7
58077 4
58079 6
58080 4
58085 4
58090 10
58095 6
58099 7
58109 2
58115 9
58118 3
58124 9
58126 3
58134 5
58134 1
58135 10
58140 10
58150 6
58153 4
58162 7
58171 9
58172 8
58172 9
58178 1
58184 4
58191 10
58191 2
58198 8
58198 9
58203 4
58207 3
58215 2
58217 8
58222 9
58224 9
58233 3
58236 2
58237 3
58238 8
58246 4
58252 5
58255 1
58262 2
58269 2
58279 4
58283 5
58292 1
58302 9
58306 2
58306 3
58309 5
58313 9
58320 7
58328 2
58328 6
58329 9
58337 7
58338 1
58339 10
58346 2
58356 9
58357 10
58365 1
58368 9
58370 1
58374 5
58383 8
58393 6
58393 7
58402 1
58412 4
58417 8
58421 1
58428 10
58432 2
58435 5
58435 8
58443 1
58445 7
58450 3
58460 3
58467 4
58470 2
58470 7
58470 10
58472 6
58482 10
58485 4
58486 3
58489 3
58489 7
58493 5
58499 3
58504 3
58510 7
58518 8
58523 4
58526 1
58533 4
58541 9
58551 7
58555 9
58557 8
58563 8
58566 9
58570 3
58571 9
58571 3
58575 6
58585 4
58586 4
58592 4
58601 3
58609 5
58616 5
58625 2
58634 8
58636 9
58640 4
58640 7
58646 8
58655 10
58665 1
58667 10
58668 9
58671 10
58679 3
58681 10
58685 1
58690 5
58693 1
58700 8
58700 8
58701 7
58706 5
58716 4
58720 9
58728 1
58730 7
58737 8
58745 3
58747 10
58754 2
58759 7
58761 7
58770 1
58772 9
58778 6
58778 7
58783 7
58787 10
58791 7
58799 6
58809 10
58816 1
58825 3
58827 8
58833 3
58834 3
58839 5
58849 1
58856 7
58861 4
58862 8
58867 8
58875 5
58883 8
58889 10
58889 1
58889 1
58897 10
58906 7
58914 4
58920 8
58923 1
58923 8
58924 9
58925 4
58933 10
58942 4
58949 9
58957 10
58965 10
58969 3
58972 2
58974 4
58976 5
58986 1
58988 2
58995 10
58998 5
59002 4
59003 5
59012 7
59019 2
59025 6
59028 2
59030 8
59033 8
59037 6
59047 4
59051 3
59055 10
59064 1
59068 3
59074 4
59082 1
59089 2
59095 8
59099 2
59099 10
59100 3
59110 4
59110 7
59110 3
59114 3
59120 10
59129 9
59136 9
59136 3
59145 3
59148 10
59154 6
59155 9
59158 1
59168 7
59169 7
59171 5
59174 9
59174 4
59177 2
59186 1
59196 10
59203 3
59204 10
59208 1
59209 2
59211 7
59214 3
59219 3
59224 7
59229 5
59232 7
59239 6
59247 10
59254 10
59255 6
59264 6
59274 10
59279 5
59279 5
59284 6
59286 9
59292 5
59299 1
59306 4
59309 7
59317 6
59324 7
59324 2
59324 2
59327 10
59336 4
59345 4
59350 3
59353 7
59363 7
59365 6
59366 7
59369 8
59376 9
59386 1
59394 9
59395 1
59405 9
59409 4
59414 5
59424 10
59429 8
59434 3
59444 5
59444 10
59449 4
59456 9
59463 8
59467 2
59472 10
59481 5
59489 9
59491 7
59501 9
59506 10
59506 5
59509 10
59509 3
59510 6
59514 5
59521 1
59521 5
59524 1
59524 10
59532 1
59538 7
59542 8
59545 10
59552 4
59552 6
59554 2
59556 5
59558 2
59559 8
59559 8
59561 5
59561 2
59567 2
59574 2
59580 7
59587 1
59595 9
59597 10
59602 4
59603 8
59611 10
59613 8
59620 3
59622 3
59627 9
59635 3
59638 3
59644 5
59653 8
59653 8
59658 9
59663 9
59667 7
59677 8
59679 5
59689 8
59692 6
59702 9
59703 7
59707 1
59715 6
59716 3
59725 2
59730 5
59737 4
59746 7
59754 1
59763 9
59769 7
59775 9
59784 3
59788 8
59791 5
59801 10
59810 2
59819 9
59821 9
59825 6
59827 9
59830 5
59840 3
59847 4
59847 8
59854 1
59857 2
59857 7
59864 7
59874 5
59880 3
59882 4
59890 10
59899 2
59906 7
59912 2
59920 8
59925 9
59931 6
59934 2
59939 7
59949 2
59958 3
59963 5
59964 4
59967 1
59974 9
59984 3
59986 2
59996 8
60004 2
60009 4
60019 4
60028 8
60028 5
60037 4
60045 5
60054 3
60059 5
60069 7
60073 1
60073 10
60076 7
60077 9
60082 6
60083 5
60087 4
60092 8
60097 10
60104 7
60105 6
60112 7
60114 9
60117 8
60124 9
60133 7
60142 4
60151 1
60158 7
60161 7
60170 4
60171 3
60179 1
60182 7
60191 4
60195 9
60198 8
60205 2
60206 7
60214 3
60220 4
60226 9
60229 6
60230 9
60231 8
60241 8
60248 10
60249 4
60254 9
60257 5
60258 5
60268 5
60271 1
60277 2
60287 7
60288 7
60296 4
60301 1
60310 3
60319 4
60328 9
60336 7
60342 2
60349 4
60349 9
60349 8
60352 3
60355 9
60365 1
60372 3
60372 3
60373 1
60375 5
60382 10
60382 4
60389 1
60389 8
60389 6
60390 6
60394 3
60399 8
60409 2
60418 5
60419 7
60420 10
60427 4
60431 10
60439 4
60439 9
60442 4
60450 10
60453 8
60455 3
60456 9
60465 3
60467 8
60472 5
60479 4
60481 3
60482 6
60485 2
60488 9
60489 7
60499 7
60504 7
60512 9
60521 6
60531 5
60534 2
60535 1
60538 8
60539 9
60541 1
60551 4
60553 5
60561 8
60565 3
60574 8
60583 8
60586 6
60593 6
60596 4
60604 3
60606 4
60606 1
60615 3
60619 5
60626 3
60627 3
60637 10
60639 7
60644 4
60647 5
60655 10
60665 10
60667 10
60672 10
60682 2
60687 1
60697 1
60701 1
60705 2
60706 3
60709 4
60714 1
60719 6
60723 3
60724 10
60727 5
60732 2
60737 5
60743 2
60751 6
60751 1
60757 10
60760 10
60764 3
60769 9
60775 8
60782 5
60788 6
60795 9
60804 3
60807 9
60809 7
60810 4
60811 5
60816 9
60826 10
60836 9
60837 10
60839 1
60847 2
60857 2
60857 2
60858 10
60861 9
60863 8
60865 7
60866 10
60866 8
60876 8
60880 3
60889 5
60896 8
60904 5
60912 4
60914 5
60916 7
60920 7
60921 5
60928 8
60929 5
60932 7
60933 5
60936 9
60937 5
60947 8
60949 7
60958 3
60961 7
60967 4
60969 7
60973 7
60976 8
60981 4
60982 2
60988 8
60998 9
61008 10
61018 3
61026 10
61029 6
61034 6
61036 1
61038 9
61044 10
61050 10
61060 3
61070 2
61073 1
61077 4
61080 1
61080 1
61085 8
61094 7
61096 10
61100 10
61101 4
61107 9
61116 9
61125 4
61127 1
61135 6
61143 10
61145 7
61153 8
61163 6
61165 5
61166 9
61176 8
61185 4
61187 4
61189 4
61197 2
61203 4
61206 10
61212 9
61215 1
61218 9
61224 5
61230 2
61239 9
61241 1
61247 8
61253 6
61262 8
61265 2
61270 4
61273 1
61283 8
61285 4
61292 4
61298 3
61305 8
61310 5
61312 10
61314 7
61318 10
61328 2
61331 3
61332 1
61337 9
61337 5
61344 10
61352 7
61358 2
61365 10
61368 4
61375 10
61385 7
61392 9
61394 7
61403 6
61412 7
61416 2
61425 9
61425 2
61432 10
61433 10
61433 3
61441 10
61446 10
61452 1
61457 2
61459 10
61463 1
61465 7
61468 6
61476 2
61482 3
61482 4
61486 10
61493 1
61501 3
61505 10
61508 10
61509 10
61513 9
61514 6
61519 4
61529 2
61537 3
61537 2
61547 2
61557 3
61565 9
61572 9
61579 5
61579 9
61587 3
61596 2
61598 8
61604 3
61606 5
61607 10
61616 3
61620 6
61622 9
61627 7
61628 4
61633 9
61635 7
61642 4
61646 10
61647 7
61657 4
61657 4
61665 3
61669 1
61670 6
61677 1
61683 1
61688 5
61692 6
61699 4
61701 1
61711 5
61712 1
61713 9
61715 4
61718 3
61718 8
61719 1
61726 7
61733 1
61743 3
61750 2
61751 8
61760 7
61765 8
61771 4
61775 3
61775 7
61783 7
61788 6
61788 4
61798 10
61807 9
61813 5
61816 2
61818 8
61818 9
61822 10
61826 8
61830 2
61837 5
61841 5
61842 6
61843 4
61845 9
61852 5
61854 2
61863 7
61869 5
61873 6
61873 9
61882 4
61884 8
61886 6
61889 1
61892 2
61894 4
61900 6
61908 10
61908 4
61908 3
61916 4
61916 5
61917 7
61923 5
61923 8
61933 8
61938 2
61948 6
61952 2
61952 7
61962 4
61963 10
61967 3
61977 3
61983 10
61990 9
61990 2
61995 8
61995 3
61999 1
62002 9
62009 3
62012 7
62013 2
62019 5
62020 2
62020 1
62026 10
62036 3
62040 5
62042 8
62047 9
62052 6
62053 8
62062 2
62065 9
62072 9
62077 4
62079 3
62083 4
62087 6
62096 7
62102 9
62104 4
62113 1
62121 5
62123 1
62124 10
62126 5
62127 7
62132 6
62140 9
62142 9
62152 3
62159 1
62159 10
62168 5
62178 5
62181 6
62188 6
62194 7
62203 6
62208 9
62213 8
62223 4
62226 10
62233 2
62236 7
62236 4
62239 1
62243 10
62248 5
62258 9
62260 9
62266 10
62275 2
62275 8
62282 7
62285 5
62293 10
62297 1
62301 9
62308 1
62316 4
62324 8
62325 2
62335 7
62345 3
62355 8
62363 1
62373 7
62377 5
62378 10
62381 4
62389 9
62394 4
62402 6
62403 3
62407 10
62407 6
62415 1
62425 6
62430 7
62432 3
62432 9
62440 1
62444 6
62453 5
62461 1
62469 3
62478 6
62484 2
62491 1
62501 1
62504 1
62514 1
62523 6
62527 1
62533 4
62538 8
62542 10
62547 3
62547 8
62557 4
62557 7
62557 9
62562 5
62568 5
62568 5
62569 10
62571 6
62571 1
62578 9
62579 7
62585 7
62593 8
62598 5
62603 3
62604 8
62604 9
62614 5
62623 8
62627 10
62629 7
62636 10
62639 2
62649 8
62654 8
62657 4
62665 2
62672 9
62680 8
62683 2
62688 6
62692 7
62693 5
62694 5
62698 1
62700 8
62705 10
62713 5
62715 4
62723 7
62724 10
62732 8
62739 4
62747 1
62753 2
62755 3
62755 2
62757 3
62763 2
62763 1
62768 4
62769 9
62777 7
62781 6
62783 7
62787 7
62797 5
62804 8
62810 4
62816 2
62817 1
62825 6
62835 5
62845 10
62855 8
62855 9
62855 10
62856 6
62865 4
62869 10
62875 6
62875 9
62885 3
62894 1
62903 9
62905 7
62913 5
62921 4
62929 2
62931 6
62936 7
62936 3
62938 2
62947 4
62952 3
62960 8
62960 1
62963 10
62963 5
62963 3
62964 1
62971 5
62973 3
62979 7
62989 4
62993 6
62999 7
63006 6
63007 9
63013 7
63021 5
63026 1
63034 4
63038 10
63046 10
63051 5
63058 5
63066 7
63068 9
63072 1
63079 6
63082 2
63088 7
63098 4
63103 9
63105 8
63109 7
63116 10
63119 10
63127 2
63131 5
63140 10
63142 8
63148 6
63154 1
63158 10
63160 6
63163 2
63170 1
63175 9
63178 8
63187 6
63189 6
63196 6
63198 8
63202 5
63209 8
63214 3
63219 3
63220 2
63224 8
63233 3
63234 4
63238 6
63238 1
63242 7
63244 5
63254 3
63259 10
63266 9
63266 1
63269 10
63279 9
63280 3
63282 2
63284 8
63291 9
63293 3
63294 4
63295 1
63296 4
63297 5
63304 2
63309 2
63316 8
63324 1
63333 4
63343 8
63348 5
63348 5
63349 8
63350 6
63352 6
63353 3
63359 8
63359 7
63365 2
63375 3
63375 9
63376 8
63380 3
63390 8
63397 9
63397 10
63405 7
63410 3
63412 10
63417 5
63425 10
63428 6
63435 1
63435 2
63436 5
63440 9
63442 9
63449 1
63450 6
63459 8
63460 5
63466 1
63474 4
63482 8
63486 6
63496 2
63502 10
63504 4
63506 2
63510 4
63519 2
63524 1
63533 10
63538 2
63543 1
63546 10
63555 6
63560 8
63567 6
63567 8
63567 9
63575 7
63575 9
63580 9
63590 10
63593 8
63595 6
63601 10
63608 8
63616 1
63616 2
63623 8
63629 2
63638 2
63648 4
63648 9
63657 9
63657 3
63662 9
63671 8
63673 6
63682 1
63690 4
63693 9
63696 3
63699 4
63707 9
63715 3
63723 9
63728 1
63733 4
63736 5
63745 8
63755 2
63760 9
63765 7
63770 8
63777 7
63785 9
63788 4
63795 6
63796 9
63799 1
63805 7
63810 6
63816 2
63826 8
63826 4
63835 4
63835 3
63838 8
63846 9
63854 10
63861 7
63863 2
63867 3
63870 1
63880 2
63880 4
63884 3
63886 7
63888 2
63894 3
63904 10
63914 2
63920 3
63921 7
63927 5
63931 8
63931 8
63939 4
63942 7
63945 5
63949 9
63955 9
63963 4
63969 8
63976 2
63984 2
63988 1
63990 10
63995 4
64004 6
64013 4
64013 2
64021 3
64028 6
64034 2
64044 2
64047 3
64052 3
64052 7
64059 2
64061 4
64071 3
64079 9
64080 9
64080 8
64090 2
64091 8
64092 7
64095 1
64100 4
64108 6
64112 3
64119 5
64126 5
64135 7
64135 2
64139 2
64142 7
64149 6
64159 3
64161 1
64161 9
64166 3
64174 2
64182 9
64185 8
64188 2
64189 4
64194 8
64195 2
64196 8
64206 9
64213 9
64217 10
64220 1
64225 3
64225 3
64230 3
64232 8
64234 10
64244 4
64244 2
64244 8
64254 4
64264 6
64268 2
64277 10
64278 6
64278 6
64281 6
64285 2
64292 3
64301 2
64310 10
64320 2
64327 7
64337 8
64337 4
64344 6
64345 3
64353 4
64355 10
64359 5
64367 4
64371 3
64377 9
64383 2
64383 1
64393 7
64395 1
64398 3
64404 9
64410 8
64420 8
64423 8
64429 10
64431 7
64434 9
64443 6
64452 6
64461 6
64467 5
64469 9
64475 9
64485 7
64493 7
64500 2
64504 1
64510 8
64510 8
64511 1
64516 10
64517 9
64523 3
64528 2
64536 4
64540 4
64544 5
64553 3
64556 8
64562 8
64571 2
64572 2
64573 1
64574 4
64576 6
64580 6
64581 5
64584 4
64587 1
64597 5
64604 4
64607 2
64613 3
64622 3
64629 7
64635 8
64640 10
64644 2
64644 10
64647 10
64650 2
64658 3
64660 4
64669 5
64673 5
64676 7
64684 10
64694 9
64699 7
64707 3
64717 5
64720 5
64729 1
64735 8
64743 4
64753 8
64758 7
64760 1
64763 9
64773 5
64780 7
64785 4
64793 3
64796 9
64806 4
64816 8
64818 3
64818 6
64823 9
64831 6
64835 4
64835 8
64836 6
64838 3
64840 6
64840 9
64843 2
64852 9
64858 3
64865 7
64865 2
64868 8
64874 7
64875 8
64882 10
64884 8
64890 9
64895 5
64897 5
64898 9
64905 6
64915 6
64917 9
64924 4
64932 3
64933 2
64942 7
64950 9
64953 6
64955 9
64962 10
64968 9
64970 3
64978 3
64983 4
64987 10
64993 8
65003 9
65013 1
65018 4
65025 4
65027 10
65034 7
65039 5
65044 5
65052 10
65057 1
65059 5
65069 5
65076 5
65083 7
65086 8
65088 1
65096 7
65100 10
65104 9
65112 6
65113 6
65123 7
65125 8
65132 7
65138 8
65138 7
65142 3
65148 10
65158 3
65167 2
65168 6
65178 10
65186 6
65187 3
65197 5
65198 3
65208 4
65210 4
65216 3
65226 9
65234 8
65240 5
65245 1
65246 8
65247 4
65250 5
65257 3
65258 3
65262 5
65262 6
65268 7
65270 4
65273 1
65279 10
65280 9
65288 9
65298 5
65307 10
65309 9
65314 2
65320 8
65322 3
65329 4
65331 3
65333 3
65334 10
65338 2
65340 8
65344 1
65349 10
65357 7
65358 9
65360 3
65369 10
65375 6
65382 5
65390 10
65390 8
65399 3
65403 2
65408 1
65414 4
65419 7
65423 7
65424 10
65425 10
65433 7
65436 1
65445 9
65448 1
65450 4
65451 1
65455 4
65458 6
65460 9
65462 5
65471 1
65475 2
65476 4
65486 6
65490 7
65499 3
65508 4
65508 4
65508 4
65517 9
65517 3
65519 9
65521 7
65526 5
65526 3
65534 7
65535 10
65545 2
65550 9
65553 7
65558 3
65565 1
65574 3
65574 1
65580 10
65581 4
65588 9
65597 9
65603 3
65613 2
65621 5
65623 2
65629 7
65639 8
65643 2
65648 3
65648 5
65650 4
65655 10
65661 5
65668 4
65673 5
65681 6
65681 10
65683 10
65691 5
65695 3
65700 1
65708 1
65714 8
65717 4
65726 9
65736 6
65744 6
65751 8
65754 9
65760 2
65765 6
65773 10
65778 7
65779 1
65786 9
65794 8
65795 6
65797 9
65800 1
65803 4
65807 1
65815 2
65817 9
65820 8
65823 2
65823 10
65823 7
65823 7
65829 1
65834 5
65839 3
65839 10
65843 1
65852 4
65859 3
65865 1
65868 9
65878 10
65883 5
65892 5
65900 9
65902 8
65907 6
65907 2
65909 6
65919 9
65922 9
65930 10
65940 9
65943 1
65950 3
65954 5
65962 8
65965 1
65967 5
65974 3
65981 1
65984 3
65994 9
66004 7
66008 2
66012 5
66016 7
66018 2
66026 9
66033 6
66042 8
66044 6
66044 6
66051 10
66052 2
66060 8
66070 3
66077 2
66078 7
66088 6
66089 5
66097 10
66101 6
66110 7
66120 7
66124 10
66126 4
66127 10
66135 3
66135 3
66144 2
66148 10
66154 3
66161 8
66166 1
66172 10
66179 6
66186 9
66196 4
66206 10
66213 1
66215 5
66215 7
66224 6
66234 6
66239 7
66243 10
66249 4
66257 9
66259 4
66265 7
66269 7
66278 5
66278 5
66282 1
66284 9
66287 6
66294 6
66300 10
66308 6
66311 2
66311 3
66318 10
66322 7
66328 10
66332 8
66333 6
66341 9
66348 10
66352 1
66357 1
66366 5
66373 5
66379 1
66389 5
66392 8
66393 7
66400 1
66406 9
66406 7
66412 1
66419 7
66428 1
66432 10
66442 2
66445 4
66445 2
66455 9
66459 1
66466 1
66471 6
66474 5
66483 3
66483 2
66491 4
66495 10
66497 4
66503 1
66506 3
66510 8
66514 4
66520 6
66527 2
66536 7
66544 6
66544 1
66544 9
66551 5
66552 2
66554 4
66558 7
66567 8
66570 1
66575 8
66584 3
66592 9
66595 9
66600 7
66606 2
66613 5
66620 3
66624 8
66632 5
66637 6
66640 3
66644 1
66653 5
66654 3
66654 2
66659 2
66659 8
66661 4
66666 5
66667 7
66667 5
66668 5
66670 10
66671 10
66674 9
66681 2
66690 6
66690 1
66697 3
66702 9
66708 4
66715 10
66716 9
66724 8
66727 7
66731 3
66734 7
66742 10
66751 2
66755 4
66755 5
66760 10
66768 8
66771 2
66775 5
66785 8
66789 1
66791 3
66793 4
66801 6
66806 4
66812 3
66818 8
66820 1
66828 2
66830 8
66832 10
66838 8
66846 8
66846 1
66847 5
66857 4
66861 9
66871 6
66881 5
66891 6
66898 2
66898 3
66904 1
66907 7
66909 9
66909 2
66918 2
66927 7
66937 4
66943 5
66948 9
66954 4
66957 5
66959 1
66968 4
66971 1
66976 6
66980 8
66982 1
66984 10
66992 10
66997 7
67000 4
67000 4
67000 4
67003 5
67013 8
67016 9
67025 1
67028 6
67034 7
67044 2
67050 3
67058 1
67066 3
67074 4
67084 5
67092 6
67099 7
67102 4
67104 10
67104 4
67104 10
67106 3
67111 5
67116 5
67124 8
67132 5
67138 5
67145 5
67148 9
67152 2
67156 1
67159 2
67167 1
67172 2
67182 7
67191 2
67196 3
67203 8
67206 4
67215 9
67217 1
67226 3
67235 2
67242 6
67248 8
67248 4
67258 8
67266 9
67273 6
67277 3
67281 1
67283 2
67283 9
67292 1
67298 4
67306 7
67315 6
67318 10
67328 9
67333 7
67341 4
67344 7
67351 9
67351 5
67352 1
67358 8
67361 1
67363 5
67367 10
67369 5
67372 6
67379 10
67385 1
67390 8
67395 6
67404 6
67407 1
67412 4
67422 9
67422 5
67430 4
67433 2
67435 4
67435 7
67439 3
67443 2
67443 5
67448 1
67452 3
67460 5
67465 8
67474 9
67477 4
67480 9
67485 1
67485 5
67492 8
67500 2
67504 5
67507 10
67515 3
67516 7
67520 5
67521 6
67522 6
67527 6
67530 4
67539 3
67542 9
67547 3
67549 5
67556 7
67560 5
67568 5
67578 10
67580 8
67584 7
67586 4
67593 2
67596 9
67606 3
67606 4
67616 2
67621 3
67630 7
67637 1
67640 6
67648 5
67652 9
67653 3
67655 7
67665 2
67672 7
67675 6
67679 6
67687 8
67689 10
67691 6
67692 8
67694 6
67700 7
67706 7
67706 7
67708 4
67716 4
67723 2
67728 9
67734 5
67739 10
67741 6
67742 5
67750 7
67752 4
67757 10
67763 4
67763 7
67767 2
67772 4
67782 8
67787 4
67794 6
67799 3
67804 1
67814 2
67817 8
67821 9
67829 2
67838 1
67848 8
67848 8
67855 4
67859 4
67863 2
67863 7
67865 6
67872 3
67877 7
67883 1
67891 4
67897 9
67900 3
67904 5
67906 5
67912 10
67913 6
67918 5
67922 6
67926 8
67930 5
67939 9
67948 3
67948 6
67953 7
67963 8
67971 10
67981 3
67987 6
67995 7
67998 4
68003 4
68009 9
68018 10
68021 6
68026 5
68032 2
68041 5
68045 5
68048 5
68058 8
68066 5
68071 2
68075 2
68084 6
68088 9
68088 7
68090 9
68093 2
68095 3
68097 8
68098 2
68104 2
68112 5
68115 7
68122 3
68130 7
68136 4
68146 6
68146 10
68152 4
68157 3
68165 4
68165 9
68174 3
68179 5
68187 2
68191 1
68192 3
68193 2
68199 8
68202 7
68211 6
68215 4
68219 7
68220 6
68225 3
68229 4
68233 3
68234 2
68239 7
68248 8
68248 1
68249 2
68259 5
68263 5
68269 2
68278 7
68281 3
68281 9
68287 5
68290 2
68296 2
68297 4
68307 2
68315 1
68323 10
68323 8
68329 8
68337 8
68338 4
68347 7
68353 5
68353 3
68359 5
68361 1
68370 7
68379 8
68379 2
68379 6
68389 8
68398 2
68398 8
68401 3
68402 10
68410 10
68410 5
68417 2
68426 10
68427 10
68429 9
68431 8
68440 6
68449 7
68457 8
68462 1
68465 10
68467 7
68470 5
68477 3
68479 1
68479 9
68485 9
68491 6
68501 5
68507 8
68516 6
68524 1
68529 4
68532 10
68533 1
68539 10
68539 7
68546 8
68546 7
68547 7
68551 5
68553 2
68559 6
68562 6
68562 3
68565 7
68567 10
68570 1
68573 6
68579 6
68580 3
68589 7
68596 3
68596 1
68602 7
68608 7
68608 5
68614 7
68615 6
68624 4
68629 7
68638 8
68647 9
68647 9
68654 10
68658 3
68663 3
68670 2
68675 6
68682 5
68688 5
68692 6
68699 3
68709 1
68716 5
68722 8
68730 4
68736 10
68741 6
68744 9
68753 6
68762 9
68769 3
68770 6
68780 9
68788 3
68794 4
68803 2
68813 3
68822 6
68825 6
68832 10
68839 3
68841 4
68845 1
68847 3
68848 4
68852 5
68853 4
68860 5
68860 1
68861 6
68871 6
68878 2
68881 2
68885 7
68890 5
68893 10
68902 7
68903 4
68911 9
68914 4
68914 2
68916 10
68924 1
68933 8
68942 3
68952 8
68958 4
68963 8
68970 9
68972 6
68977 1
68977 1
68982 1
68984 5
68987 5
68994 3
69004 9
69004 2
69009 7
69011 1
69016 5
69024 9
69028 9
69037 5
69043 1
69052 4
69053 8
69053 10
69062 1
69069 1
69074 8
69084 4
69084 8
69093 7
69102 7
69105 5
69113 9
69115 3
69125 2
69125 9
69130 1
69131 7
69137 8
69138 1
69148 3
69151 6
69159 6
69165 8
69165 5
69174 1
69174 4
69183 6
69183 2
69191 2
69199 7
69199 9
69206 3
69213 8
69223 2
69227 2
69227 2
69237 8
69243 10
69245 4
69251 2
69254 7
69254 1
69254 10
69254 2
69260 10
69264 2
69272 7
69275 7
69284 6
69293 7
69299 6
69305 9
69308 7
69316 10
69322 4
69324 6
69330 9
69339 4
69348 2
69348 10
69352 5
69358 5
69368 6
69371 1
69377 10
69384 3
69391 7
69397 9
69399 10
69399 7
69402 1
69407 4
69407 2
69407 8
69416 6
69416 8
69416 9
69417 4
69427 4
69431 2
69434 3
69438 10
69439 6
69444 4
69453 10
69461 8
69467 4
69475 3
69475 2
69480 2
69486 9
69486 10
69492 4
69495 5
69498 1
69506 3
69513 1
69515 3
69520 2
69528 3
69530 1
69533 5
69534 5
69537 3
69545 8
69546 6
69554 6
69563 7
69563 9
69570 9
69579 1
69584 3
69586 3
69587 1
69591 8
69601 7
69611 4
69620 5
69621 9
69621 7
69629 2
69630 4
69639 6
69646 7
69656 5
69664 5
69671 6
69672 7
69680 9
69682 6
69689 1
69693 5
69693 7
69693 6
69695 8
69695 4
69704 4
69704 10
69714 1
69716 8
69726 3
69730 3
69731 5
69731 9
69734 8
69741 10
69741 9
69751 6
69760 7
69760 10
69770 4
69776 6
69786 4
69789 10
69791 3
69796 2
69798 5
69803 4
69803 4
69811 4
69815 6
69823 1
69823 1
69824 1
69830 9
69838 4
69846 7
69846 3
69855 8
69859 7
69865 3
69866 6
69873 3
69880 7
69887 2
69894 9
69899 5
69899 5
69899 8
69903 7
69913 7
69920 10
69924 2
69926 6
69933 8
69935 10
69939 1
69945 10
69948 5
69951 10
69954 8
69961 8
69962 10
69964 10
69971 9
69976 6
69983 7
69983 1
69989 1
69989 1
69995 9
69998 1
69999 9
70005 5
70015 7
70016 3
70021 6
70029 9
70032 4
70037 4
70040 7
70041 8
70048 6
70056 5
70057 5
70061 5
70067 10
70071 3
70073 8
70080 7
70086 2
70086 2
70088 3
70093 2
70100 2
70103 1
70111 6
70118 5
70121 9
70125 8
70133 7
70140 7
70140 10
70146 10
70156 7
70157 4
70163 8
70165 5
70173 9
70175 9
70181 4
70191 1
70197 10
70201 1
70207 5
70214 2
70217 3
70221 3
70224 8
70227 10
70235 9
70239 2
70240 2
70240 8
70241 7
70251 1
70254 7
70263 1
70266 8
70268 8
70277 3
70277 5
70279 1
70282 9
70282 10
70286 4
70292 3
70301 4
70301 4
70306 6
70315 8
70320 1
70321 10
70328 4
70331 4
70331 1
70340 3
70341 2
70344 4
70346 3
70353 10
70362 1
70371 2
70379 10
70384 6
70391 6
70396 6
70396 9
70398 9
70403 3
70406 6
70409 9
70415 1
70423 3
70425 4
70434 1
70437 10
70447 8
70450 9
70457 7
70465 5
70470 10
70470 10
70472 6
70482 4
70483 3
70485 3
70486 9
70490 4
70493 1
70500 8
70503 1
70508 4
70516 10
70522 8
70524 9
70525 2
70535 5
70535 9
70543 4
70550 1
70560 5
70561 8
70564 10
70572 6
70582 2
70584 3
70584 5
70585 3
70589 2
70595 4
70601 5
70611 9
70615 10
70620 4
70626 3
70634 1
70643 1
70647 2
70649 4
70651 4
70654 4
70654 9
70654 6
70661 4
70668 2
70675 9
70682 6
70686 10
70688 8
70696 3
70705 7
70707 9
70707 3
70712 9
70717 1
70717 3
70718 2
70728 4
70730 4
70733 6
70740 5
70747 5
70749 4
70749 8
70757 9
70758 6
70758 4
70758 5
70764 8
70765 6
70766 10
70775 3
70776 1
70776 10
70786 4
70796 10
70797 10
70803 1
70807 2
70812 8
70813 9
70818 6
70823 1
70824 10
70834 5
70844 9
70847 7
70847 5
70847 3
70852 4
70854 10
70858 6
70866 1
70868 7
70872 5
70882 1
70889 1
70895 9
70903 8
70912 4
70920 7
70923 6
70927 9
70931 2
70932 7
70936 6
70936 1
70941 10
70946 9
70951 5
70951 2
70953 10
70960 5
70965 7
70967 8
70977 3
70978 4
70987 7
70989 3
70997 4
71006 6
71013 8
71020 3
71022 10
71024 5
71033 8
71041 3
71047 2
71053 5
71060 10
71064 3
71069 6
71073 6
71082 2
71084 6
71094 9
71097 4
71103 10
71106 5
71116 1
71118 9
71124 6
71131 5
71133 1
71135 10
71143 3
71145 6
71153 9
71156 6
71158 10
71167 7
71169 4
71173 6
71183 10
71186 8
71187 8
71190 9
71192 9
71199 6
71208 7
71208 1
71208 8
71213 9
71218 8
71219 10
71229 6
71234 5
71244 8
71252 6
71257 1
71263 10
71264 9
71264 5
71269 5
71273 9
71276 9
71283 2
71286 7
71295 6
71301 7
71302 1
71311 3
71316 3
71317 9
71323 10
71333 4
71343 9
71350 1
71352 4
71359 7
71363 8
71373 2
71373 2
71382 10
71389 2
71395 5
71403 9
71413 3
71413 9
71414 2
71419 1
71423 1
71432 2
71437 8
71438 7
71442 8
71448 2
71449 6
71450 9
71450 2
71451 4
71452 5
71461 5
