21864 2
21867 2
21870 8
21880 10
21883 10
21885 4
21890 4
21894 1
21901 2
21906 9
21916 9
21921 4
21922 8
21928 3
21929 4
21935 5
21938 3
21939 2
21939 5
21943 5
21945 1
21946 8
21949 4
21955 4
21960 8
21963 9
21971 1
21975 1
21983 9
21991 2
21998 4
22006 10
22006 2
22012 1
22020 4
22021 2
22024 4
22029 3
22034 9
22035 4
22043 2
22053 3
22062 7
22071 4
22071 1
22074 2
22081 3
22085 6
22093 4
22096 4
22101 4
22104 6
22108 7
22118 8
22122 5
22126 5
22129 6
22130 5
22134 4
22139 2
22142 7
22149 4
22157 3
22158 6
22165 9
22172 8
22181 9
22186 3
22191 10
22198 3
22201 4
22208 7
22211 8
22214 4
22220 10
22227 1
22229 7
22235 6
22236 4
22237 9
22247 3
22255 6
22262 1
22270 7
22275 1
22283 6
22287 10
22288 4
22289 4
22297 1
22306 3
22310 9
22315 6
22324 1
22329 8
22331 3
22336 9
22336 2
22346 1
22355 10
22365 2
22365 6
22374 9
22378 1
22378 9
22383 8
22386 4
22393 3
22398 4
22400 1
22400 6
22410 2
22410 5
22412 4
22416 4
22418 10
22421 1
22424 8
22432 6
22440 5
22447 2
22451 9
22458 2
22464 4
22468 8
22477 8
22477 9
22483 1
22490 4
22499 1
22504 2
22506 4
22513 7
22519 4
22529 2
22529 1
22530 6
22534 7
22535 2
22543 4
22549 6
22558 6
22560 1
22567 10
22576 5
22584 3
22585 4
22593 9
22603 9
22613 5
22615 6
22618 4
22618 6
22628 10
22631 5
22636 10
22636 7
22639 8
22641 5
22649 3
22649 1
22651 6
22652 3
22657 8
22667 2
22675 1
22675 10
22678 10
22681 6
22690 6
22695 8
22701 2
22702 3
22707 6
22712 9
22715 6
22719 5
22722 8
22724 9
22727 7
22727 1
22728 9
22737 5
22745 9
22746 1
22755 4
22759 10
22768 7
22777 5
22785 9
22795 1
22802 6
22804 10
22810 3
22815 2
22817 10
22825 10
22830 6
22834 7
22843 8
22846 9
22846 10
22853 7
22854 1
22860 9
22865 7
22870 10
22877 6
22886 9
22894 8
22895 9
22902 4
22903 6
22907 8
22907 4
22916 4
22921 7
22931 1
22932 10
22934 9
22939 4
22948 6
22952 2
22957 3
22964 1
22968 2
22977 3
22981 3
22990 7
22991 5
23001 7
23011 3
23016 2
23019 10
23026 9
23036 10
23036 8
23045 9
23045 8
23050 10
23051 6
23052 10
23055 7
23063 10
23063 5
23073 6
23077 3
23078 6
23083 4
23084 8
23090 6
23099 7
23103 4
23109 3
23117 8
23124 10
23127 5
23133 7
23143 5
23149 8
23157 2
23165 2
23165 3
23172 2
23180 2
23183 2
23187 8
23190 1
23198 7
23206 3
23212 7
23222 1
23232 4
23234 5
23239 4
23248 9
23258 7
23260 1
23262 9
23266 8
23271 4
23281 1
23288 9
23291 5
23301 8
23306 1
23310 10
23320 8
23328 1
23329 6
23334 6
23336 9
23337 8
23340 4
23340 6
23349 7
23359 10
23359 6
23359 10
23366 5
23371 9
23372 2
23374 7
23375 5
23385 2
23395 3
23402 10
23408 2
23411 3
23420 2
23421 8
23425 10
23428 7
23433 7
23440 7
23450 6
23450 8
23458 4
23466 7
23466 3
23471 2
23479 9
23489 9
23497 9
23507 9
23508 2
23508 2
23518 4
23527 10
23530 7
23532 4
23536 10
23545 10
23548 7
23554 6
23555 7
23555 8
23564 2
23564 9
23573 1
23583 2
23583 4
23589 8
23589 2
23599 9
23606 3
23607 1
23609 3
23619 9
23623 7
23629 4
23630 5
23632 10
23637 10
23642 7
23652 10
23653 6
23663 2
23668 1
23677 10
23687 2
23694 3
23697 5
23706 3
23708 10
23713 1
23717 4
23719 6
23722 4
23726 4
23733 9
23743 8
23744 7
23747 7
23753 4
23763 2
23766 9
23768 1
23770 3
23779 2
23789 4
23798 9
23802 1
23808 3
23814 1
23818 5
23820 10
23828 6
23836 5
23842 9
23851 1
23856 6
23865 6
23870 6
23876 1
23877 6
23880 3
23885 5
23885 8
23889 10
23899 5
23903 2
23909 1
23909 4
23918 1
23921 4
23931 4
23937 4
23940 8
23948 1
23950 9
23952 9
23961 10
23971 7
23977 2
23986 10
23992 3
23994 5
23995 8
23997 8
24005 4
24009 2
24011 3
24014 9
24023 7
24025 3
24035 10
24038 9
24047 5
24049 10
24051 2
24057 7
24057 10
24064 10
24074 2
24084 10
24084 2
24094 5
24095 10
24103 7
24106 7
24114 3
24124 3
24130 6
24139 7
24148 5
24152 4
24156 5
24157 3
24161 3
24165 4
24168 3
24170 6
24177 1
24180 3
24189 5
24199 9
24204 4
24206 10
24210 10
24213 6
24223 8
24227 7
24237 5
24246 8
24249 7
24251 2
24258 8
24264 9
24268 6
24271 9
24275 1
24282 8
24291 2
24297 4
24306 5
24307 8
24312 9
24318 7
24326 7
24332 3
24339 9
24343 4
24343 5
24345 10
24355 2
24361 1
24366 8
24374 7
24382 7
24382 5
24392 3
24392 6
24395 8
24401 8
24410 10
24420 9
24428 8
24433 8
24436 6
24436 3
24436 6
24437 3
24440 3
24445 8
24455 1
24458 1
24461 7
24461 9
24466 1
24470 2
24476 10
24484 3
24491 5
24491 1
24499 9
24508 1
24509 6
24511 3
24518 1
24519 8
24519 5
24519 1
24520 9
24527 8
24532 6
24540 4
24542 4
24543 5
24549 7
24555 10
24562 8
24563 3
24565 4
24565 5
24574 7
24584 10
24585 4
24593 5
24602 10
24609 4
24609 5
24619 4
24625 4
24625 9
24633 5
24635 7
24642 10
24643 1
24646 7
24650 9
24660 10
24664 6
24664 9
24674 7
24675 5
24683 7
24689 8
24693 7
24698 10
24698 3
24704 5
24708 9
24709 3
24719 8
24721 7
24725 2
24729 6
24738 10
24746 10
24747 8
24748 10
24757 2
24761 6
24768 2
24770 7
24778 2
24784 6
24792 6
24794 3
24804 9
24810 4
24812 6
24819 1
24821 9
24829 6
24839 3
24849 2
24853 4
24860 7
24860 5
24863 1
24865 6
24869 10
24873 8
24878 10
24885 3
24887 8
24894 4
24902 3
24903 10
24911 8
24913 5
24920 2
24929 8
24931 7
24940 5
24941 2
24944 8
24953 4
24962 5
24969 3
24970 8
24971 4
24977 1
24982 5
24984 8
24990 6
24998 5
25005 6
25005 9
25006 7
25011 3
25018 4
25021 1
25023 7
25029 4
25033 3
25041 2
25043 4
25044 6
25053 6
25061 6
25068 9
25071 1
25079 4
25081 8
25091 3
25099 2
25101 2
25108 5
25109 8
25110 2
25115 3
25121 9
25130 8
25130 8
25139 10
25149 9
25158 5
25165 4
25169 10
25171 2
25173 2
25180 10
25187 6
25192 6
25195 6
25202 6
25205 3
25207 6
25215 10
25222 7
25228 10
25236 7
25241 7
25249 4
25258 4
25268 2
25271 9
25272 2
25279 7
25283 10
25283 8
25286 2
25287 10
25290 4
25294 6
25297 10
25297 10
25299 1
25301 9
25301 5
25308 2
25316 9
25317 10
25326 5
25328 2
25331 2
25332 10
25337 3
25347 5
25357 3
25359 8
25361 10
25363 2
25368 4
25370 8
25373 4
25374 9
25380 1
25387 7
25396 9
25398 1
25406 9
25412 8
25415 3
25422 6
25428 7
25431 9
25440 4
25450 7
25456 1
25463 10
25468 7
25475 9
25485 1
25487 5
25493 5
25499 3
25504 7
25506 5
25509 6
25515 6
25518 7
25522 7
25522 5
25525 2
25534 3
25538 3
25542 2
25546 1
25554 8
25562 4
25568 2
25573 8
25574 10
25578 7
25582 3
25584 7
25591 7
25598 4
25603 2
25605 9
25609 7
25614 9
25614 4
25622 3
25622 5
25622 6
25626 4
25630 6
25631 6
25640 9
25645 7
25647 1
25649 2
25653 5
25658 2
25664 9
25672 6
25677 7
25684 9
25687 1
25690 7
25692 2
25700 10
25702 6
25712 2
25713 4
25720 1
25722 2
25732 2
25742 6
25751 1
25752 1
25755 6
25757 6
25759 2
25765 10
25770 3
25771 3
25781 10
25790 8
25799 6
25808 1
25808 5
25808 1
25813 2
25814 2
25818 6
25823 1
25827 5
25833 8
25842 3
25851 6
25856 10
25860 8
25869 8
25878 3
25887 5
25889 10
25895 7
25903 10
25904 8
25914 3
25922 4
25923 8
25933 10
25937 7
25941 2
25950 8
25960 2
25969 3
25970 1
25974 4
25975 10
25982 8
25988 5
25989 7
25999 9
26000 9
26003 3
26011 5
26016 10
26022 5
26024 4
26027 5
26030 6
26037 7
26041 4
26051 2
26055 5
26064 2
26071 10
26075 5
26084 10
26085 5
26088 10
26098 5
26105 1
26107 4
26112 10
26121 1
26125 1
26133 4
26135 9
26135 10
26136 10
26139 4
26146 4
26146 2
26154 3
26156 6
26161 8
26165 6
26169 10
26177 5
26184 3
26189 7
26197 6
26203 9
26213 1
26219 9
26220 3
26223 1
26225 4
26234 1
26244 9
26251 3
26252 8
26257 5
26260 10
26262 8
26267 9
26276 6
26285 10
26295 10
26302 4
26306 10
26306 3
26310 5
26319 4
26329 5
26330 3
26340 10
26343 8
26347 10
26349 7
26350 1
26352 7
26359 1
26359 4
26365 6
26373 9
26376 7
26380 9
26388 9
26395 10
26403 5
26413 3
26420 4
26429 10
26431 9
26438 4
26442 3
26443 7
26448 6
26452 4
26459 8
26467 10
26477 8
26482 9
26484 1
26484 3
26490 2
26493 9
26502 7
26503 2
26503 8
26506 6
26510 6
26512 4
26514 1
26521 7
26528 4
26534 4
26535 6
26545 9
26554 2
26562 3
26568 1
26573 10
26574 3
26576 4
26578 7
26581 1
26586 2
26586 5
26595 6
26598 1
26603 1
26609 4
26618 1
26624 5
26624 5
26634 5
26637 3
26645 4
26653 6
26654 9
26656 9
26658 5
26663 7
26665 3
26671 4
26673 5
26675 1
26679 1
26679 1
26685 5
26686 7
26690 2
26697 6
26700 7
26709 7
26711 4
26715 6
26718 6
26722 1
26730 5
26737 3
26744 8
26750 6
26758 8
26767 10
26771 4
26777 2
26785 8
26794 6
26798 1
26799 1
26802 7
26810 5
26812 9
26822 2
26829 10
26836 4
26838 10
26838 9
26845 7
26845 8
26849 5
26855 1
26859 9
26869 8
26876 7
26877 4
26881 3
26887 9
26895 6
26898 5
26907 7
26911 3
26921 9
26930 5
26931 3
26934 1
26935 5
26939 1
26949 6
26959 4
26960 5
26964 9
26971 9
26971 1
26971 8
26976 10
26983 5
26991 1
26992 8
27001 10
27010 1
27017 9
27027 10
27028 3
27029 1
27030 10
27038 7
27044 6
27047 6
27052 1
27057 4
27066 10
27072 4
27078 3
27086 9
27095 3
27099 3
27103 9
27104 6
27111 2
27113 1
27115 4
27118 1
27121 4
27123 7
27130 5
27135 3
27142 2
27152 8
27157 9
27160 7
27170 1
27172 6
27177 4
27184 5
27187 9
27196 7
27202 4
27203 3
27208 7
27211 10
27219 3
27223 6
27229 10
27230 1
27237 4
27247 3
27254 7
27262 7
27264 1
27264 8
27274 8
27280 3
27288 3
27291 9
27299 7
27300 1
27300 3
27303 6
27310 3
27314 5
27320 4
27329 4
27331 9
27333 3
27343 5
27348 1
27348 4
27350 6
27357 9
27365 6
27373 7
27376 6
27386 5
27388 5
27397 9
27404 9
27412 10
27415 4
27424 6
27433 8
27440 8
27442 7
27446 3
27446 8
27452 9
27461 8
27463 2
27471 7
27477 9
27483 10
27486 4
27490 3
27494 2
27501 4
27502 7
27508 2
27514 1
27514 7
27522 1
27527 5
27533 1
27536 7
27539 10
27546 4
27556 8
27565 6
27568 1
27578 10
27587 7
27593 2
27600 6
27603 8
27609 2
27609 10
27610 10
27615 4
27623 3
27625 7
27631 8
27637 1
27647 3
27650 1
27655 8
27660 8
27666 5
27666 10
27675 5
27678 8
27682 3
27686 1
27693 8
27703 7
27705 9
27706 3
27713 4
27722 4
27722 2
27726 3
27726 5
27733 7
27739 3
27746 2
27755 8
27759 5
27759 10
27765 8
27767 3
27775 6
27780 9
27788 7
27789 4
27792 2
27796 7
27800 7
27802 3
27810 3
27816 5
27822 4
27823 6
27827 6
27831 6
27837 4
27842 8
27849 1
27856 1
27866 2
27875 1
27883 10
27889 6
27893 10
27893 4
27903 7
27905 9
27912 2
27913 9
27914 4
27923 1
27930 4
27937 8
27938 7
27944 3
27944 5
27953 1
27957 1
27965 5
27974 8
27979 6
27981 6
27982 6
27989 3
27995 6
28000 3
28003 2
28008 7
28011 4
28011 2
28013 2
28013 2
28018 5
28022 4
28030 4
28039 6
28048 7
28056 8
28062 5
28063 9
28073 7
28076 8
28081 10
28089 1
28091 8
28093 10
28098 1
28100 5
28104 7
28113 3
28120 1
28122 3
28126 6
28128 1
28138 1
28147 1
28152 3
28160 7
28168 2
28172 7
28173 1
28173 1
28180 1
28190 10
28195 7
28204 9
28206 4
28211 5
28217 3
28219 2
28226 6
28235 10
28242 3
28242 3
28251 4
28261 7
28268 1
28278 9
28287 8
28290 2
28294 1
28297 2
28297 5
28303 9
28305 3
28311 9
28316 7
28325 1
28333 7
28336 8
28346 7
28348 6
28357 5
28365 3
28372 5
28380 7
28389 6
28391 4
28397 6
28397 8
28401 8
28405 2
28413 10
28419 6
28427 8
28435 6
28445 10
28446 4
28451 9
28451 8
28457 1
28466 3
28473 4
28473 9
28481 1
28489 2
28494 6
28499 4
28500 9
28502 10
28512 5
28516 3
28521 1
28523 1
28524 3
28534 6
28540 6
28549 1
28557 7
28558 3
28566 7
28568 8
28576 9
28576 6
28584 4
28589 6
28599 4
28600 5
28601 5
28603 9
28604 9
28610 9
28618 6
28624 4
28625 10
28631 3
28636 2
28636 9
28639 5
28648 1
28649 2
28650 10
28659 5
28660 5
28661 3
28670 9
28673 9
28679 7
28687 10
28689 9
28698 10
28706 6
28710 3
28711 7
28714 9
28718 7
28728 7
28730 10
28736 3
28739 4
28746 7
28752 9
28757 1
28761 2
28764 9
28773 1
28775 5
28776 3
28785 10
28795 8
28795 10
28799 1
28805 3
28808 8
28818 3
28823 1
28831 3
28832 5
28834 7
28836 3
28846 10
28851 8
28854 10
28859 5
28865 3
28868 9
28875 8
28878 9
28881 8
28891 6
28893 7
28899 1
28905 10
28914 3
28924 5
28925 3
28935 1
28943 4
28951 4
28953 4
28959 10
28967 1
28969 3
28969 10
28972 4
28977 5
28979 4
28979 10
28982 2
28984 8
28992 2
29002 6
29007 6
29013 5
29019 7
29020 8
29021 2
29031 7
29035 8
29039 9
29047 2
29057 7
29062 7
29066 7
29073 3
29082 1
29089 1
29094 7
29103 9
29111 9
29117 2
29123 4
29127 6
29136 10
29139 8
29141 10
29149 2
29156 4
29165 5
29174 2
29180 1
29183 10
29192 2
29202 10
29210 10
29211 6
29214 6
29222 6
29232 3
29232 9
29237 6
29247 10
29250 7
29252 9
29256 7
29259 9
29262 4
29270 1
29273 7
29280 8
29283 2
29293 8
29294 5
29304 1
29305 10
29315 8
29317 10
29325 4
29334 3
29337 8
29346 4
29354 10
29364 7
29374 5
29384 5
29393 10
29403 8
29407 5
29411 2
29419 1
29422 8
29429 9
29439 8
29445 6
29445 6
29455 2
29455 2
29461 9
29471 5
29481 2
29488 8
29497 9
29500 4
29508 10
29512 1
29521 8
29530 2
29536 7
29542 10
29548 2
29556 7
29556 7
29565 5
29570 8
29578 3
29581 10
29589 6
29589 8
29589 2
29594 6
29602 9
29610 3
29613 1
29614 2
29618 5
29620 10
29629 7
29636 2
29640 4
29649 10
29650 2
29654 9
29664 1
29671 8
29680 4
29682 7
29692 8
29702 7
29704 1
29704 1
29708 2
29711 1
29711 7
29716 8
29721 4
29725 7
29726 1
29728 7
29736 2
29744 5
29750 1
29760 9
29767 3
29772 7
29780 4
29789 3
29792 8
29793 4
29800 6
29806 7
29809 3
29816 8
29821 9
29825 7
29826 2
29833 8
29842 8
29851 9
29852 5
29862 10
29869 5
29875 7
29882 8
29883 9
29892 6
29896 3
29900 9
29904 6
29907 6
29914 10
29920 9
29929 10
29935 5
29942 9
29942 8
29945 10
29946 1
29950 5
29953 10
29962 2
29963 9
29972 6
29972 8
29982 7
29991 7
29996 4
30002 5
30009 1
30018 5
30024 10
30032 8
30033 6
30038 9
30041 9
30041 7
30044 5
30046 8
30049 4
30051 3
30053 2
30059 8
30062 3
30071 3
30072 3
30074 6
30076 1
30080 5
30085 7
30093 1
30096 2
30103 7
30109 4
30117 8
30127 3
30136 2
30145 10
30151 1
30154 3
30163 9
30172 4
30182 10
30189 2
30189 2
30197 6
30202 3
30204 1
30211 7
30220 5
30223 5
30232 5
30239 3
30240 9
30247 8
30251 10
30256 9
30261 10
30261 8
30266 4
30276 9
30281 3
30282 10
30284 4
30287 9
30294 2
30299 9
30303 1
30303 10
30304 8
30312 1
30313 5
30318 1
30321 10
30324 7
30326 9
30336 4
30339 1
30343 6
30348 1
30352 7
30362 9
30366 9
30374 8
30380 9
30382 9
30383 5
30386 1
30393 8
30400 6
30402 3
30402 4
30409 10
30418 10
30424 1
30428 1
30428 5
30434 3
30438 9
30445 4
30453 6
30463 7
30471 6
30471 6
30476 8
30476 1
30480 8
30485 7
30495 3
30501 3
30501 1
30511 1
30520 3
30520 9
30524 5
30532 9
30534 6
30540 4
30544 5
30544 8
30554 2
30558 2
30563 7
30563 9
30571 9
30577 5
30580 6
30586 5
30595 1
30605 3
30606 6
30608 9
30608 2
30610 4
30610 2
30611 9
30619 3
30619 6
30620 4
30623 1
30627 8
30633 2
30634 1
30638 7
30644 8
30653 10
30662 7
30662 6
30666 1
30676 6
30686 4
30687 10
30691 8
30698 9
30707 3
30711 5
30717 6
30723 9
30731 4
30734 1
30735 8
30735 6
30743 10
30746 4
30754 6
30756 7
30766 5
30769 9
30771 4
30781 4
30789 7
30799 8
30809 6
30816 10
30818 3
30827 1
30835 2
30843 8
30849 4
30853 6
30862 9
30870 10
30878 9
30878 6
30886 6
30893 10
30893 9
30898 6
30904 7
30908 6
30918 8
30924 3
30934 9
30935 5
30945 10
30951 2
30960 5
30964 5
30965 10
30967 8
30968 1
30977 1
30987 9
30994 7
30998 4
30999 6
31001 3
31011 4
31017 9
31019 2
31022 1
31022 1
31031 6
31035 3
31040 5
31043 6
31046 2
31051 6
31055 3
31061 6
31071 9
31079 8
31089 2
31090 1
31095 1
31103 3
31113 8
31119 2
31128 8
31132 2
31136 9
31143 9
31149 2
31157 1
31157 2
31158 3
31164 1
31173 2
31177 5
31183 6
31184 7
31187 1
31195 3
31199 9
31206 8
31214 6
31223 8
31229 7
31232 4
31242 6
31245 7
31245 7
31254 10
31254 2
31261 2
31271 1
31279 1
31281 6
31291 7
31301 7
31301 8
31306 2
31314 8
31315 6
31317 1
31317 8
31326 9
31327 7
31335 1
31342 6
31348 1
31355 4
31361 3
31368 5
31370 7
31378 4
31379 6
31387 10
31387 9
31394 6
31401 6
31404 7
31410 8
31420 8
31423 6
31425 4
31432 5
31433 10
31438 9
31440 5
31444 8
31451 2
31461 7
31462 7
31462 7
31469 3
31470 10
31480 3
31481 7
31485 9
31494 7
31496 4
31498 2
31502 9
31511 9
31512 7
31515 4
31516 2
31525 2
31532 4
31539 6
31542 5
31552 10
31552 4
31557 10
31558 4
31565 5
31571 10
31573 1
31576 8
31578 4
31586 1
31595 6
31599 9
31609 5
31613 7
31623 4
31633 7
31637 9
31643 3
31643 2
31652 6
31659 4
31665 4
31665 5
31671 8
31672 9
31677 10
31678 2
31682 2
31687 6
31690 8
31691 1
31701 7
31710 4
31711 10
31711 9
31714 6
31716 4
31719 10
31723 4
31725 1
31726 7
31728 1
31730 1
31739 6
31741 4
31750 8
31752 8
31756 8
31766 4
31773 1
31774 5
31778 6
31785 8
31787 9
31791 4
31796 8
31805 2
31808 9
31808 2
31812 10
31813 6
31823 3
31830 2
31833 9
31838 8
31843 9
31851 8
31857 3
31860 3
31864 10
31874 1
31881 5
31882 9
31886 5
31895 9
31904 8
31913 5
31916 1
31926 2
31926 6
31928 9
31936 6
31946 4
31949 3
31958 10
31963 1
31964 2
31967 3
31977 1
31985 1
31988 5
31994 7
31998 1
32003 10
32003 8
32006 5
32013 2
32023 4
32025 9
32031 2
32036 1
32042 1
32052 10
32056 6
32058 2
32061 3
32067 8
32074 9
32079 10
32088 4
32092 4
32098 6
32098 2
32103 4
32109 8
32119 2
32128 9
32133 6
32142 7
32146 3
32154 8
32159 7
32163 6
32164 7
32164 5
32166 3
32174 4
32178 8
32180 1
32186 8
32192 10
32197 10
32202 5
32203 1
32209 7
32212 2
32220 7
32224 3
32232 5
32241 6
32251 3
32261 2
32268 10
32270 2
32280 5
32283 9
32293 2
32303 5
32307 4
32314 6
32324 7
32333 8
32338 7
32347 7
32351 1
32360 4
32366 4
32374 1
32374 9
32382 2
32386 6
32388 8
32392 2
32397 3
32406 8
32412 7
32421 9
32425 10
32431 5
32435 9
32443 2
32444 3
32454 1
32457 9
32464 9
32471 5
32480 3
32481 1
32490 5
32500 1
32505 4
32507 1
32517 4
32521 8
32527 10
32530 9
32540 3
32544 9
32544 8
32548 6
32552 10
32555 4
32562 3
32564 10
32570 10
32578 4
32584 2
32594 7
32595 6
32602 8
32609 4
32616 7
32617 9
32617 5
32621 5
32626 4
32628 2
32638 1
32645 2
32645 7
32645 3
32655 5
32656 6
32664 2
32672 9
32680 9
32684 6
32692 10
32694 3
32700 2
32701 5
32704 2
32707 3
32715 4
32725 4
32726 8
32728 1
32731 4
32737 7
32741 10
32747 6
32752 6
32755 4
32758 9
32766 2
32775 6
32781 6
32789 4
32799 3
32806 5
32808 10
32814 5
32819 5
32825 8
32835 7
32844 5
32854 7
32857 7
32861 9
32868 2
32869 6
32876 9
32878 6
32881 10
32891 3
32897 5
32901 5
32905 6
32915 1
32921 2
32931 3
32931 1
32936 10
32936 5
32944 5
32951 3
32959 4
32962 10
32969 8
32978 9
32980 2
32986 6
32989 4
32992 8
33000 6
33008 3
33008 7
33012 1
33022 5
33022 10
33029 3
33030 10
33038 6
33039 7
33046 9
33054 7
33064 9
33069 9
33079 3
33082 1
33085 7
33086 8
33093 10
33099 3
33105 6
33115 5
33125 8
33130 6
33131 5
33139 10
33139 8
33146 7
33149 8
33151 3
33159 3
33168 2
33170 7
33173 4
33176 2
33177 6
33177 10
33186 7
33195 7
33198 1
33204 6
33210 6
33212 9
33217 4
33218 10
33223 2
33232 10
33239 2
33248 7
33255 8
33259 3
33267 4
33271 4
33271 10
33278 5
33288 3
33289 4
33295 5
33300 3
33304 4
33309 5
33311 6
33319 9
33320 4
33326 4
33329 4
33330 5
33340 1
33344 1
33349 1
33351 3
33361 5
33369 4
33372 4
33373 9
33378 10
33382 1
33388 9
33391 6
33394 7
33396 6
33400 8
33406 9
33412 1
33415 1
33421 6
33423 6
33431 3
33438 10
33445 9
33451 5
33454 3
33461 4
33470 10
33474 6
33479 9
33486 8
33489 2
33489 7
33497 7
33502 4
33508 2
33511 3
33514 2
33524 2
33529 4
33539 9
33543 6
33547 2
33548 3
33549 3
33558 9
33561 1
33565 8
33574 5
33575 6
33575 9
33583 9
33589 2
33589 5
33596 1
33606 4
33606 7
33616 2
33617 7
33626 6
33631 9
33637 4
33643 7
33648 7
33657 9
33663 10
33664 10
33673 10
33673 1
33683 7
33684 5
33684 1
33694 2
33698 2
33706 8
33706 1
33710 6
33718 8
33721 7
33723 4
33731 10
33735 3
33743 5
33745 1
33755 9
33757 10
33765 10
33765 9
33775 4
33778 2
33781 2
33789 1
33794 8
33801 10
33807 5
33810 2
33814 2
33814 5
33821 10
33828 4
33830 5
33835 7
33844 7
33845 8
33853 1
33856 7
33860 4
33866 1
33869 8
33870 9
33877 9
33879 9
33887 8
33896 7
33899 10
33908 10
33908 7
33917 10
33924 5
33927 7
33929 9
33930 10
33932 4
33941 6
33946 6
33948 6
33948 8
33955 6
33958 10
33967 2
33973 7
33980 7
33990 1
33991 10
33994 6
34002 2
34006 2
34013 9
34017 5
34026 8
34027 4
34034 6
34036 10
34042 5
34048 8
34058 3
34058 1
34062 8
34072 8
34074 10
34077 6
34083 10
34090 6
34090 3
34097 7
34104 3
34110 5
34118 2
34120 6
34121 8
34126 5
34132 6
34136 2
34136 10
34145 4
34150 5
34159 3
34165 6
34166 7
34169 3
34178 2
34180 7
34188 10
34197 4
34206 4
34210 7
34218 5
34224 7
34229 8
34233 8
34240 10
34240 2
34247 1
34254 4
34262 9
34264 4
34271 5
34279 9
34289 7
34291 8
34297 7
34297 2
34301 7
34304 9
34304 7
34313 9
34323 10
34332 2
34335 9
34336 9
34340 2
34344 10
34348 1
34352 2
34359 4
34369 9
34370 5
34372 2
34374 10
34374 10
34381 8
34388 6
34393 10
34393 10
34401 3
34404 8
34405 1
34415 3
34421 8
34425 2
34431 5
34441 2
34451 2
34460 3
34463 5
34466 2
34470 1
34473 2
34483 6
34486 1
34489 1
34495 4
34496 8
34501 8
34508 2
34514 6
34523 1
34531 5
34536 1
34545 7
34545 10
34550 9
34556 9
34566 6
34568 3
34568 3
34575 6
34581 9
34591 4
34591 1
34597 9
34605 1
34605 5
34605 4
34612 6
34613 4
34618 2
34618 1
34620 5
34622 5
34622 5
34628 5
34632 4
34634 7
34642 2
34651 4
34658 5
34665 10
34673 4
34680 6
34682 8
34682 6
34692 4
34696 9
34704 4
34708 9
34714 2
34716 10
34725 1
34728 6
34731 3
34740 4
34745 6
34748 7
34756 1
34761 10
34766 4
34770 8
34773 4
34777 1
34781 1
34788 7
34792 6
34800 9
34810 4
34816 10
34826 4
34826 6
34831 3
34835 9
34844 8
34853 2
34855 4
34860 2
34860 7
34863 7
34867 4
34877 8
34882 1
34889 7
34894 1
34897 3
34901 3
34907 4
34909 1
34915 1
34922 2
34923 3
34928 5
34931 7
34933 9
34938 9
34941 7
34951 3
34959 6
34969 2
34976 6
34978 4
34982 1
34988 7
34994 1
35001 3
35005 3
35015 4
35015 2
35025 9
35031 4
35035 4
35039 7
35043 9
35050 8
35050 1
35053 4
35055 5
35064 3
35065 9
35073 1
35078 9
35088 10
35092 2
35097 3
35097 5
35100 9
35108 8
35113 9
35119 8
35119 7
35121 9
35128 4
35135 8
35136 8
35144 10
35145 3
35150 3
35153 4
35163 8
35163 7
35169 6
35169 6
35178 1
35179 2
35181 10
35190 10
35194 2
35204 4
35204 10
35211 9
35216 1
35223 1
35228 5
35235 10
35240 3
35242 8
35250 3
35253 7
35257 6
35266 5
35272 8
35281 6
35281 8
35290 2
35292 1
35297 10
35297 3
35300 6
35308 4
35316 3
35320 3
35324 8
35333 4
35340 3
35347 3
35351 8
35360 3
35369 4
35374 2
35379 1
35380 7
35383 5
35392 9
35396 9
35400 8
35409 2
35419 2
35427 10
35432 6
35440 6
35444 8
35445 3
35447 7
35456 2
35463 4
35466 2
35467 3
35471 2
35481 9
35487 7
35497 3
35507 9
35510 1
35516 1
35524 1
35530 9
35532 2
35535 10
35542 10
35551 9
35551 8
35556 7
35561 10
35571 4
35578 2
35582 6
35588 3
35590 9
35600 3
35602 3
35607 9
35613 3
35618 1
35627 8
35633 8
35633 7
35637 10
35644 6
35649 4
35658 8
35666 1
35670 2
35673 9
35683 10
35692 2
35698 8
35708 3
35717 10
35726 7
35730 7
35740 7
35750 8
35750 9
35758 6
35768 4
35770 1
35777 8
35787 1
35796 5
35797 2
35806 1
35814 8
35823 3
35832 8
35842 8
35842 3
35850 10
35850 1
35855 7
35862 3
35867 2
35877 7
35878 7
35888 8
35892 8
35894 10
35898 9
35902 3
35904 8
35912 10
35918 9
35919 10
35924 3
35929 7
35937 9
35937 10
35945 5
35945 9
35949 7
35953 4
35960 6
35964 5
35968 4
35968 5
35969 3
35977 7
35979 7
35985 9
35992 9
35995 2
36005 6
36010 8
36010 2
36012 3
36014 6
36021 4
36023 3
36028 8
36036 9
36044 8
36046 8
36047 1
36047 1
36057 7
36062 8
36063 7
36069 4
36076 5
36085 4
36091 4
36094 6
36100 3
36103 7
36110 7
36114 3
36121 7
36129 9
36138 10
36140 10
36143 1
36143 6
36148 2
36154 3
36162 5
36171 6
36172 7
36177 8
36179 1
36182 10
36187 3
36197 3
36198 8
36204 2
36205 6
36211 5
36212 10
36217 5
36224 1
36231 10
36241 6
36246 7
36249 10
36252 3
36255 2
36264 10
36264 9
36270 8
36270 7
36278 5
36283 3
36286 9
36289 2
36289 7
36294 5
36296 1
36303 7
36304 7
36308 1
36308 7
36316 5
36318 9
36322 10
36329 3
36334 5
36339 1
36342 7
36345 3
36346 8
36353 4
36358 8
36366 6
36368 10
36377 1
36378 3
36387 5
36391 7
36397 2
36401 1
36411 5
36414 2
36420 6
36428 7
36431 9
36440 8
36443 10
36445 5
36448 1
36458 9
36465 6
36473 2
36483 9
36488 5
36496 5
36498 5
36505 4
36512 7
36514 5
36521 8
36524 1
36533 5
36541 3
36548 8
36553 6
36553 6
36555 2
36561 3
36569 6
36572 2
36581 6
36590 10
36599 4
36602 1
36610 10
36611 2
36614 4
36618 3
36618 9
36628 1
36630 2
36633 7
36637 6
36641 6
36648 2
36648 4
36657 7
36663 10
36663 10
36669 9
36674 8
36680 3
36685 1
36692 2
36699 2
36705 5
36706 2
36716 8
36720 6
36722 2
36729 2
36733 6
36743 10
36745 8
36750 8
36755 10
36755 1
36761 10
36768 4
36776 3
36780 5
36788 9
36798 10
36805 6
36813 1
36815 3
36825 4
36833 2
36836 8
36843 3
36846 9
36850 1
36859 9
36866 10
36874 3
36880 8
36884 1
36886 6
36894 6
36897 8
36901 8
36908 8
36916 2
36925 5
36926 10
36933 5
36937 4
36941 8
36949 10
36955 5
36959 3
36963 3
36973 3
36981 6
36982 9
36992 5
36996 7
37002 1
37011 5
37011 1
37020 7
37020 5
37023 2
37025 3
37029 5
37032 5
37036 2
37039 6
37048 4
37057 2
37067 8
37069 3
37069 4
37073 6
37074 2
37080 5
37087 2
37095 7
37104 6
37112 8
37116 7
37121 2
37122 2
37129 4
37134 10
37142 2
37152 7
37159 5
37164 8
37171 9
37172 7
37173 9
37180 3
37184 8
37190 6
37191 10
37200 1
37201 4
37203 10
37211 9
37212 8
37212 8
37214 5
37221 5
37223 4
37232 6
37234 7
37241 5
37247 1
37257 8
37257 8
37263 3
37268 2
37274 2
37277 7
37279 4
37287 4
37297 9
37301 7
37303 4
37309 7
37316 5
37322 3
37324 3
37326 2
37333 3
37341 1
37341 1
37349 5
37358 7
37367 5
37368 6
37369 5
37370 10
37375 8
37385 1
37395 2
37399 8
37408 5
37410 10
37413 1
37414 9
37424 1
37428 10
37432 2
37435 5
37437 10
37441 6
37447 5
37451 4
37455 9
37465 9
37473 3
37477 9
37485 5
37490 7
37493 5
37503 3
37506 5
37511 2
37514 1
37520 6
37520 10
37524 3
37527 9
37532 10
37532 7
37541 9
37546 4
37548 10
37555 7
37565 9
37572 5
37578 10
37578 4
37582 9
37589 8
37596 6
37604 6
37614 5
37620 9
37627 3
37633 3
37636 5
37642 1
37650 10
37657 7
37664 4
37665 3
37675 4
37676 3
37679 4
37680 10
37681 1
37690 10
37700 3
37702 10
37711 6
37721 9
37723 4
37724 8
37726 3
37728 5
37735 9
37737 9
37742 4
37750 6
37758 5
37764 9
37772 3
37779 2
37781 9
37791 2
37793 10
37802 7
37812 5
37814 10
37817 2
37827 3
37835 2
37840 4
37840 5
37847 6
37848 8
37852 7
37852 5
37862 9
37869 3
37871 2
37874 3
37875 9
37884 7
37885 6
37888 3
37898 2
37904 10
37913 2
37918 7
37920 8
37926 5
37926 8
37931 5
37938 8
37945 7
37952 3
37960 10
37969 1
37976 8
37979 7
37985 6
37992 7
37995 6
38003 3
38012 10
38013 9
38014 5
38020 9
38028 4
38032 9
38042 6
38052 3
38056 2
38065 4
38071 1
38077 3
38078 10
38081 2
38085 9
38087 9
38093 6
38095 6
38096 5
38106 2
38114 10
38123 9
38124 2
38124 3
38128 6
38129 6
38136 8
38136 1
38143 6
38143 3
38143 1
38144 6
38145 10
38155 8
38163 5
38170 3
38170 10
38179 5
38189 5
38192 4
38195 7
38196 6
38196 8
38202 4
38205 2
38212 2
38218 9
38223 10
38231 8
38237 4
38239 6
38244 1
38250 2
38259 6
38267 6
38274 7
38279 2
38286 9
38292 2
38302 5
38309 1
38317 7
38317 2
38324 10
38329 4
38336 4
38339 3
38345 8
38347 3
38347 1
38351 8
38358 3
38359 1
38360 1
38364 8
38374 9
38377 4
38379 10
38384 4
38391 8
38391 5
38396 10
38397 9
38407 5
38412 1
38422 3
38427 3
38433 10
38440 10
38449 9
38453 6
38455 6
38455 3
38463 7
38465 5
38470 4
38471 9
38473 10
38480 9
38484 10
38494 10
38501 10
38508 10
38516 8
38521 10
38523 10
38533 4
38534 7
38540 1
38544 5
38553 9
38560 10
38566 3
38566 5
38573 5
38575 5
38578 1
38586 9
38595 6
38596 4
38603 6
38612 1
38618 10
38623 9
38630 1
38636 1
38640 6
38641 7
38648 9
38648 3
38652 10
38657 1
38666 4
38671 3
38676 9
38682 5
38688 1
38691 8
38693 5
38693 3
38696 3
38706 6
38712 5
38715 8
38718 4
38720 7
38721 9
38721 4
38729 8
38731 5
38737 5
38746 4
38755 8
38755 6
38763 1
38770 9
38775 4
38779 3
38784 7
38784 4
38792 1
38793 6
38801 9
38807 7
38808 8
38813 6
38816 1
38823 9
38826 4
38834 2
38843 7
38853 8
38860 6
38862 2
38870 3
38878 3
38881 8
38884 8
38890 10
38892 6
38896 6
38899 1
38906 1
38909 8
38916 7
38925 9
38928 3
38933 5
38941 2
38942 2
38948 4
38957 2
38960 4
38967 6
38974 5
38976 2
38978 3
38981 8
38984 6
38991 1
38996 8
39006 7
39016 2
39020 10
39027 1
39028 9
39038 6
39047 4
39053 3
39063 4
39064 4
39064 8
39069 2
39069 6
39074 3
39077 1
39087 7
39092 4
39096 1
39103 3
39103 5
39113 5
39116 5
39116 1
39116 4
39116 5
39125 4
39127 7
39135 9
39142 5
39147 8
39156 5
39156 3
39160 6
39167 2
39169 7
39173 2
39177 7
39185 3
39187 4
39197 6
39204 5
39213 4
39221 7
39229 5
39234 5
39237 8
39243 1
39244 8
39248 8
39254 5
39258 8
39262 8
39264 4
39264 5
39270 10
39273 9
39277 1
39285 9
39289 8
39294 10
39301 8
39310 2
39319 10
39329 6
39336 1
39341 2
39341 8
39345 5
39352 1
39355 1
39355 1
39357 6
39362 5
39366 9
39370 10
39374 5
39380 8
39389 7
39397 10
39401 7
39410 3
39410 1
39414 8
39423 4
39428 6
39437 1
39442 6
39447 6
39456 4
39460 5
39468 6
39475 2
39479 10
39484 3
39493 1
39496 2
39497 8
39500 7
39504 9
39505 6
39505 5
39513 9
39522 5
39524 4
39534 3
39540 3
39540 1
39548 3
39554 5
39558 1
39565 6
39573 9
39580 4
39590 3
39599 7
39602 7
39602 7
39603 6
39603 4
39606 3
39612 1
39618 7
39626 2
39634 4
39635 6
39638 2
39645 8
39648 1
39658 9
39668 7
39669 4
39674 1
39683 4
39689 4
39695 6
39702 4
39706 6
39711 10
39712 10
39714 6
39714 10
39724 1
39728 1
39734 3
39735 5
39744 8
39749 8
39750 1
39756 5
39766 9
39768 4
39768 7
39773 5
39778 8
39781 4
39790 3
39800 2
39808 4
39814 7
39818 4
39824 9
39832 10
39832 3
39842 9
39844 6
39849 8
39851 4
39859 9
39865 5
39866 4
39871 9
39880 2
39885 1
39889 5
39895 3
39900 10
39905 3
39912 1
39920 3
39930 5
39930 10
39931 8
39939 1
39946 3
39953 4
39961 4
39966 3
39976 5
39985 2
39995 4
40003 10
40004 9
40009 5
40015 10
40015 2
40025 8
40025 9
40027 5
40032 3
40040 7
40044 6
40053 1
40063 6
40069 5
40079 5
40088 6
40093 2
40100 8
40106 7
40114 7
40121 4
40128 10
40133 1
40133 4
40137 5
40146 10
40156 1
40158 10
40159 6
40162 8
40171 4
40176 6
40186 10
40194 4
40196 4
40205 7
40205 6
40208 3
40210 6
40213 1
40222 10
40231 1
40236 2
40239 10
40244 7
40248 1
40251 1
40254 5
40263 3
40268 2
40273 4
40279 4
40286 8
40295 7
40304 8
40305 4
40314 10
40315 8
40323 7
40329 2
40337 6
40341 2
40348 10
40349 3
40353 10
40354 9
40360 4
40360 4
40364 2
40372 8
40379 7
40387 9
40393 10
40400 1
40402 8
40406 10
40407 8
40413 3
40423 1
40432 1
40442 9
40451 7
40456 6
40460 7
40465 10
40475 10
40484 10
40489 6
40492 8
40501 8
40504 1
40504 10
40511 9
40518 8
40519 9
40526 6
40532 1
40533 2
40536 2
40544 7
40550 7
40557 10
40558 7
40565 8
40568 2
40573 1
40579 1
40584 3
40593 6
40599 4
40607 9
40613 2
40619 3
40629 7
40639 3
40642 8
40652 2
40659 6
40660 6
40669 5
40676 9
40682 3
40690 7
40690 2
40693 4
40695 7
40702 6
40712 6
40714 2
40723 3
40723 9
40727 7
40737 10
40742 10
40744 9
40746 6
40753 1
40761 8
40769 5
40776 10
40778 6
40783 6
40787 7
40796 10
40805 7
40810 6
40816 5
40821 8
40828 7
40834 3
40836 3
40843 4
40845 7
40855 1
40855 2
40859 5
40860 9
40868 9
40877 3
40882 7
40882 3
40884 5
40888 4
40888 1
40892 1
40901 9
40910 2
40911 8
40916 3
40923 5
40928 4
40933 3
40939 8
40945 1
40952 3
40962 10
40971 9
40971 2
40978 8
40979 8
40982 8
40986 5
40995 9
41004 1
41008 5
41014 8
41015 5
41024 4
41024 5
41025 6
41028 1
41028 7
41028 9
41038 7
41047 4
41050 5
41057 1
41067 4
41077 6
41085 2
41087 2
41093 9
41096 3
41105 1
41112 9
41119 10
41127 1
41134 4
41141 8
41141 8
41147 7
41151 5
41159 5
41165 9
41165 3
41172 1
41176 3
41178 3
41181 6
41188 6
41196 9
41202 6
41211 5
41221 1
41227 2
41235 4
41237 4
41247 6
41250 6
41255 10
41262 7
41264 6
41274 3
41280 6
41282 3
41283 5
41287 9
41292 2
41298 1
41304 6
41306 4
41306 2
41309 7
41311 9
41315 4
41324 5
41328 1
41336 10
41339 2
41343 5
41345 9
41350 7
41350 2
41357 4
41367 5
41373 8
41376 10
41382 7
41386 1
41387 1
41389 6
41394 7
41402 9
41409 3
41413 5
41419 4
41421 9
41430 6
41434 10
41441 5
41444 3
41449 4
41455 4
41456 10
41460 8
41466 9
41467 9
41475 10
41478 2
41486 9
41496 4
41506 3
41516 6
41518 3
41519 9
41523 3
41530 1
41531 5
41536 9
41546 1
41548 7
41557 10
41563 7
41571 5
41576 7
41586 8
41590 9
41596 1
41604 10
41608 2
41609 4
41610 3
41615 1
41623 4
41623 2
41628 6
41638 7
41648 7
41654 10
41664 5
41673 8
41676 6
41683 4
41687 1
41688 3
41695 5
41700 8
41708 5
41717 5
41723 9
41733 4
41739 7
41740 3
41742 4
41743 6
41747 9
41754 3
41754 10
41755 4
41756 3
41766 6
41770 5
41775 5
41776 4
41780 9
41789 8
41794 8
41804 3
41813 1
41822 5
41830 6
41835 1
41840 9
41844 6
41851 6
41855 9
41856 8
41864 7
41869 5
41875 4
41877 2
41887 4
41894 10
41894 2
41901 4
41903 9
41911 9
41917 9
41927 5
41931 10
41932 7
41933 3
41934 4
41939 7
41942 10
41944 1
41946 4
41948 4
41954 2
41956 5
41963 3
41967 7
41967 6
41970 1
41976 2
41979 2
41979 1
41985 1
41994 8
41999 1
42008 10
42015 9
42023 7
42031 10
42038 1
42042 6
42045 1
42050 9
42057 9
42066 9
42076 2
42084 2
42087 9
42097 7
42107 3
42107 4
42117 10
42121 7
42122 8
42130 7
42130 1
42139 6
42145 5
42145 6
42155 6
42156 7
42164 9
42170 2
42178 1
42186 2
42192 6
42192 5
42193 10
42203 2
42209 8
42217 8
42223 3
42228 9
42238 8
42240 2
42241 2
42245 5
42255 7
42260 8
42261 5
42271 10
42278 7
42278 7
42282 8
42289 5
42295 10
42297 5
42297 7
42299 2
42308 8
42310 3
42316 5
42321 3
42323 3
42332 8
42341 1
42350 2
42358 5
42367 6
42374 8
42381 9
42389 4
42391 4
42391 7
42394 9
42399 1
42405 8
42413 8
42416 8
42425 2
42435 4
42443 6
42451 2
42456 2
42458 7
42468 6
42469 3
42475 10
42475 2
42479 10
42481 4
42485 4
42492 7
42497 5
42506 6
42514 2
42520 8
42526 5
42532 10
42539 7
42549 1
42556 4
42565 4
42567 8
42571 3
42581 10
42586 1
42596 1
42600 6
42609 4
42614 10
42624 3
42634 4
42635 10
42636 7
42639 2
42639 1
42649 2
42655 2
42661 2
42669 10
42672 2
42680 3
42681 10
42686 8
42687 5
42690 1
42699 8
42701 8
42705 9
42711 6
42713 5
42715 10
42719 3
42721 6
42726 7
42729 6
42737 8
42745 1
42755 2
42761 5
42770 6
42778 4
42784 10
42786 5
42786 7
42790 2
42791 9
42794 8
42795 4
42797 8
42799 4
42802 9
42804 4
42810 4
42820 10
42829 4
42833 3
42833 2
42838 1
42847 2
42856 9
42864 1
42870 6
42872 9
42875 5
42875 10
42882 2
42884 2
42884 10
42893 3
42898 5
42901 5
42902 4
42909 1
42914 6
42914 3
42918 6
42921 1
42924 3
42929 3
42938 1
42945 10
42950 1
42951 10
42953 8
42953 10
42957 9
42959 10
42961 5
42969 7
42970 1
42979 4
42981 6
42984 1
42988 10
42998 10
43005 7
43008 4
43009 1
43013 9
43022 6
43029 1
43032 7
43038 7
43041 2
43041 2
43051 6
43059 3
43066 6
43068 4
43070 10
43079 8
43083 1
43092 6
43094 6
43098 3
43103 4
43104 5
43109 8
43110 2
43116 9
43116 3
43124 5
43126 9
43128 10
43131 8
43133 7
43133 7
43143 10
43152 2
43162 8
43162 9
43172 2
43182 3
43186 10
43186 9
43196 1
43197 6
43201 8
43210 6
43216 9
43224 10
43234 4
43236 4
43241 10
43250 10
43252 5
43258 9
43266 5
43268 8
43270 7
43280 4
43288 2
43296 4
43297 6
43303 10
43306 8
43308 9
43317 10
43317 5
43320 2
43326 7
43330 6
43331 4
43334 8
43344 8
43346 10
43352 5
43357 3
43357 1
43362 2
43370 1
43376 4
43385 1
43385 6
43389 4
43393 2
43396 6
43403 10
43406 9
43411 2
43415 5
43422 10
43428 5
43428 10
43432 9
43440 9
43440 2
43448 2
43452 6
43458 9
43467 6
43470 3
43473 9
43476 2
43485 1
43492 8
43496 10
43506 9
43507 8
43510 1
43512 2
43515 8
43517 2
43518 9
43524 8
43524 9
43527 1
43529 6
43531 5
43541 1
43551 5
43560 3
43566 4
43566 8
43571 10
43580 10
43580 9
43589 6
43599 8
43602 2
43606 5
43612 9
43620 4
43628 5
43635 6
43643 7
43653 4
43661 6
43662 4
43671 1
43677 5
43686 6
43693 8
43698 7
43701 9
43709 3
43710 10
43719 9
43726 9
43732 5
43742 9
43751 9
43756 3
43766 10
43768 1
43776 1
43780 1
43782 1
43783 1
43788 9
43791 7
43799 6
43803 7
43813 5
43823 9
43824 3
43829 3
43832 1
43837 5
43837 1
43845 4
43849 3
43849 10
43857 9
43858 2
43859 6
43861 10
43865 7
43865 7
43868 3
43873 3
43878 5
43881 8
43884 2
43892 9
43894 10
43904 6
43908 9
43909 4
43918 9
43920 5
43922 4
43927 5
43936 2
43944 7
43954 8
43958 1
43964 6
43974 1
43984 3
43984 2
43985 3
43992 3
43999 4
44003 9
44010 5
44013 6
44020 10
44024 4
44033 4
44036 9
44045 2
44055 7
44063 10
44064 8
44069 10
44078 3
44079 8
44088 5
44097 6
44098 4
44103 10
44105 2
44113 4
44116 2
44118 5
44119 3
44119 10
44121 5
44128 10
44132 2
44138 2
44143 2
44147 2
44148 3
44151 3
44157 9
44160 1
44167 5
44167 4
44171 4
44175 7
44175 8
44176 8
44185 8
44191 7
44198 7
44201 6
44206 1
44210 8
44218 5
44223 4
44233 6
44240 4
44248 10
44252 7
44259 10
44261 2
44271 2
44279 3
44286 8
44295 1
44296 9
44300 7
44307 4
44315 7
44324 6
44329 5
44330 7
44332 2
44341 9
44347 3
44348 2
44357 9
44362 8
44368 5
44375 9
44377 3
44381 2
44382 1
44392 5
44396 6
44405 10
44411 4
44419 2
44423 4
44423 2
44431 2
44434 3
44444 9
44445 4
44454 8
44459 9
44463 3
44467 1
44476 8
44485 1
44494 8
44501 5
44505 8
44515 5
44522 9
44527 7
44537 2
44545 3
44550 10
44551 4
44554 10
44564 2
44567 5
44575 9
44579 1
44588 9
44589 3
44595 1
44602 2
44603 10
44607 5
44615 2
44615 7
44615 8
44617 4
44622 8
44629 7
44639 8
44645 2
44653 7
44663 7
44666 2
44666 1
44669 8
44670 8
44678 3
44683 5
44690 2
44699 2
44700 4
44706 3
44707 9
44716 3
44724 4
44725 2
44728 10
44728 6
44737 10
44737 4
44740 7
44750 7
44754 7
44758 5
44758 7
44763 8
44772 2
44775 4
44784 1
44792 5
44795 1
44805 5
44813 7
44821 2
44827 5
44828 6
44835 10
44845 1
44851 6
44859 5
44862 4
44865 5
44874 3
44874 4
44876 5
44879 10
44881 6
44888 7
44888 3
44890 2
44900 7
44905 1
44908 2
44913 5
44918 10
44918 2
44921 2
44928 10
44931 5
44938 1
44938 4
44945 5
44953 6
44953 5
44959 5
44961 9
44966 8
44967 10
44974 2
44976 7
44983 2
44986 9
44987 5
44994 10
44998 1
45006 7
45015 4
45019 7
45026 6
45028 10
45034 1
45042 2
45049 9
45053 10
45054 4
45054 5
45060 5
45065 1
45065 1
45074 9
45077 6
45083 9
45091 10
45100 1
45103 9
45107 6
45110 2
45115 9
45123 9
45124 3
45126 6
45131 2
45132 10
45134 3
45144 5
45148 5
45151 2
45154 2
45162 9
45164 9
45174 6
45179 8
45184 4
45193 8
45199 9
45206 7
45211 7
45214 8
45224 1
45230 10
45230 8
45240 9
45245 10
45245 10
45248 2
45249 7
45254 6
45264 5
45268 6
45276 3
45279 4
45285 10
45289 1
45291 10
45300 3
45300 10
45303 7
45303 9
45305 9
45315 6
45315 9
45317 1
45320 10
45323 3
45329 1
45335 1
45339 9
45345 7
45352 10
45362 4
45364 2
45366 4
45373 3
45376 6
45376 1
45376 5
45377 5
45380 3
45382 3
45392 3
45397 5
45403 10
45406 8
45411 4
45416 9
45417 3
45427 10
45429 9
45433 8
45434 5
45440 6
45442 2
45443 5
45450 10
45459 3
45468 6
45478 10
45487 2
45488 5
45497 5
45500 2
45503 6
45504 6
45509 5
45517 9
45524 5
45529 1
45535 7
45536 2
45542 5
45550 1
45560 4
45566 7
45570 8
45580 3
45581 8
45591 2
45592 9
45597 9
45602 1
45612 5
45614 4
45622 3
45631 1
45638 2
45640 3
45647 7
45655 4
45664 4
45668 9
45669 6
45676 3
45681 3
45682 5
45686 7
45694 2
45697 4
45703 7
45705 9
45710 4
45715 8
45716 5
45722 5
45730 10
45736 3
45746 9
45750 6
45755 10
45758 4
45762 2
45769 3
45776 5
45784 10
45793 6
45796 4
45805 10
45813 8
45816 6
45818 6
45823 5
45823 6
45823 2
45830 5
45840 2
45848 7
45853 10
45857 6
45860 8
45862 8
45863 5
45866 5
45874 1
45879 2
45880 5
45880 4
45882 8
45891 3
45892 2
45895 2
45900 7
45903 7
45905 10
45914 3
45922 9
45928 10
45931 1
45937 10
45945 7
45955 1
45958 1
45963 3
45972 5
45975 1
45982 2
45991 2
45997 3
46004 5
46012 3
46014 9
46018 8
46020 9
46023 4
46029 3
46034 1
46034 5
46037 8
46038 6
46041 2
46050 3
46060 2
46067 4
46074 3
46074 6
46080 6
46089 2
46093 5
46096 5
46103 8
46112 2
46114 1
46123 6
46131 4
46133 4
46135 8
46143 1
46147 1
46151 5
46154 3
46156 2
46156 7
46162 5
46171 4
46171 3
46179 7
46185 4
46188 3
46197 10
46198 1
46208 7
46215 1
46218 9
46224 3
46233 8
46239 6
46245 9
46245 5
46253 6
46253 5
46253 2
46257 5
46258 1
46266 7
46269 9
46277 7
46287 8
46293 3
46296 1
46302 2
46310 4
46311 1
46314 10
46319 8
46326 5
46334 5
46343 4
46344 2
46350 2
46357 7
46361 8
46369 4
46378 3
46382 3
46384 3
46385 4
46391 3
46392 1
46392 3
46401 10
46409 1
46410 5
46415 7
46417 1
46427 8
46433 8
46436 5
46441 2
46445 2
46455 5
46457 3
46458 4
46458 6
46463 1
46469 4
46474 8
46480 8
46486 2
46493 2
46501 6
46505 3
46511 7
46513 9
46518 7
46523 5
46533 7
46535 3
46538 5
46538 8
46539 9
46539 1
46546 8
46555 10
46560 6
46566 3
46576 3
46576 8
46580 6
46581 9
46588 9
46588 7
46591 3
46595 9
46598 8
46600 7
46610 10
46616 3
46623 7
46626 8
46635 6
46644 6
46652 9
46662 7
46662 1
46669 9
46674 10
46675 9
46681 5
46691 3
46698 3
46707 9
46709 8
46716 1
46722 7
46727 9
46736 2
46744 10
46744 1
46750 7
46754 5
46760 5
46769 4
46773 9
46782 9
46783 2
46786 2
46794 7
46794 4
46803 6
46806 9
46812 4
46817 2
46823 6
46830 3
46834 7
46834 2
46841 4
46843 7
46844 5
46844 8
46846 10
46852 9
46857 2
46867 7
46876 5
46881 3
46881 9
46888 4
46891 9
46894 9
46896 5
46896 10
46896 8
46904 6
46914 6
46922 1
46931 6
46938 5
46947 4
46953 5
46957 9
46967 6
46974 2
46980 4
46988 7
46990 10
46991 7
46997 4
46997 9
47005 6
47012 8
47021 1
47028 6
47034 1
47041 7
47050 9
47058 4
47059 4
47059 7
47060 10
47065 4
47070 9
47071 1
47072 6
47072 7
47082 5
47082 9
47082 7
47090 1
47099 7
47102 7
47104 4
47104 10
47105 7
47114 8
47120 2
47122 8
47127 5
47137 6
47139 2
47142 2
47146 6
47150 3
47159 8
47166 6
47169 2
47177 10
47185 3
47191 5
47198 1
47208 1
47214 7
47215 6
47217 1
47221 2
47229 4
47232 9
47241 7
47245 8
47253 8
47261 9
47271 8
47274 7
47274 2
47277 5
47287 7
47293 6
47296 6
47299 7
47302 3
47311 9
47312 2
47320 1
47325 4
47325 3
47335 4
47344 5
47344 2
47345 5
47354 5
47360 7
47367 6
47377 5
47381 2
47385 8
47392 10
47395 6
47404 7
47408 1
47418 8
47422 4
47431 8
47434 6
47436 10
47445 5
47453 2
47457 7
47459 3
47461 8
47465 4
47466 4
47469 3
47475 8
47476 6
47481 10
47481 4
47486 6
47493 10
47500 2
47501 6
47504 5
47509 9
47509 4
47519 3
47520 10
47523 1
47523 3
47525 3
47533 4
47535 10
47544 3
47549 8
47557 6
47567 2
47574 10
47581 7
47586 4
47592 6
47599 1
47604 2
47608 6
47616 5
47619 7
47626 9
47626 5
47627 4
47637 5
47637 7
47643 4
47653 1
47661 9
47671 8
47675 5
47680 3
47688 4
47695 6
47699 8
47701 10
47704 7
47712 5
47718 9
47726 10
47726 5
47726 5
47731 1
47735 2
47736 5
47736 5
47744 7
47749 5
47749 4
47751 1
47755 10
47756 6
47758 10
47762 10
47763 4
47764 5
47771 2
47774 7
47781 7
47789 2
47797 10
47805 3
47805 6
47811 5
47811 8
47814 2
47814 9
47820 4
47828 1
47837 2
47845 7
47853 5
47862 6
47863 1
47868 10
47875 6
47879 2
47884 6
47889 6
47892 6
47896 1
47904 2
47911 9
47914 1
47923 2
47923 7
47932 7
47941 7
47947 4
47955 9
47960 3
47969 6
47979 3
47980 2
47990 7
47998 2
48005 7
48011 8
48015 10
48019 7
48028 9
48035 3
48045 6
48047 2
48049 10
48050 3
48055 5
48061 7
48061 3
48065 8
48073 7
48076 6
48076 4
48082 1
48086 3
48089 8
48091 10
48100 10
48103 2
48106 5
48115 1
48115 6
48117 7
48120 6
48130 2
48132 8
48135 5
48145 5
48153 8
48159 5
48160 2
48163 4
48170 7
48172 10
48182 4
48183 1
48191 4
48199 4
48200 10
48201 3
48206 4
48211 2
48213 6
48214 10
48222 3
48224 8
48226 9
48236 9
48238 5
48245 4
48250 5
48256 9
48259 4
48269 1
48272 2
48273 7
48273 6
48278 5
48278 6
48280 9
48289 9
48293 5
48296 10
48306 5
48308 4
48311 6
48321 6
48326 7
48326 7
48330 5
48331 4
48340 6
48341 1
48351 2
48356 8
48359 7
48361 7
48364 7
48370 4
48377 4
48383 1
48384 6
48389 5
48392 7
48397 3
48402 1
48403 2
48406 6
48409 10
48409 1
48412 1
48412 4
48421 8
48428 7
48432 3
48432 2
48442 1
48443 1
48446 1
48452 9
48452 9
48454 2
48455 9
48456 6
48464 10
48466 6
48467 5
48467 2
48470 1
48471 6
48478 2
48483 10
48492 6
48499 10
48507 7
48516 2
48518 9
48525 9
48529 5
48536 9
48542 1
48551 7
48559 6
48563 8
48566 1
48572 5
48575 2
48578 5
48583 3
48583 4
48585 4
48593 6
48601 3
48605 5
48614 9
48624 4
48630 10
48639 6
48643 1
48645 4
48646 1
48649 7
48655 1
48659 1
48663 9
48673 5
48675 3
48681 7
48689 6
48697 4
48706 7
48714 5
48714 8
48718 2
48722 6
48729 3
48739 5
48746 9
48748 9
48750 2
48751 7
48761 2
48767 10
48777 7
48781 2
48791 2
48801 7
48804 5
48814 9
48824 4
48833 2
48838 1
48838 6
48847 5
48847 10
48854 5
48864 6
48867 6
48867 7
48875 3
48880 4
48884 7
48884 2
48894 9
48904 8
48904 5
48913 2
48914 9
48921 6
48921 3
48927 2
48936 2
48937 6
48945 7
48955 2
48958 9
48967 5
48971 10
48980 9
48986 8
48994 1
48996 6
48997 9
49000 1
49000 10
49003 2
49003 2
49012 2
49021 5
49031 8
49038 9
49048 3
49052 6
49062 3
49064 1
49074 1
49084 5
49086 5
49089 4
49094 2
49103 10
49110 7
49116 9
49122 8
49129 8
49129 9
49133 5
49138 3
49139 7
49146 6
49152 8
49162 10
49168 6
49170 1
49175 9
49184 5
49187 7
49195 1
49202 10
49202 8
49205 6
49212 8
49221 1
49221 4
49224 7
49233 5
49234 6
49234 10
49242 9
49246 3
49253 5
49254 9
49257 9
49263 6
49269 8
49272 9
49276 1
49279 9
49287 6
49297 9
49298 2
49304 7
49307 8
49315 2
49321 1
49328 6
49338 2
49338 5
49340 4
49342 2
49350 6
49357 10
49357 6
49358 9
49360 1
49365 6
49369 2
49370 4
49372 2
49374 8
49380 3
49389 8
49396 1
49404 6
49405 5
49410 9
49410 9
49417 7
49417 7
49422 10
49426 4
49427 2
49434 8
49435 6
49445 3
49452 5
49462 8
49462 1
49464 7
49467 5
49468 7
49476 4
49484 3
49492 4
49501 5
49507 8
49508 7
49513 4
49521 8
49526 8
49531 4
49541 9
49544 8
49553 1
49556 9
49560 8
49568 2
49569 6
49572 3
49582 4
49582 4
49582 6
49582 4
49585 9
49593 10
49595 3
49604 1
49612 7
49620 1
49625 4
49631 6
49632 1
49639 4
49643 2
49651 7
49659 4
49664 8
49667 1
49677 2
49686 2
49689 6
49698 7
49706 6
49715 6
49725 2
49727 9
49736 3
49742 6
49743 7
49744 6
49754 3
49757 3
49759 2
49766 3
49767 5
49775 5
49778 1
49781 10
49791 3
49795 7
49798 8
49798 4
49805 6
49807 2
49809 6
49813 7
49823 5
49827 2
49828 8
49830 10
49834 3
49836 6
49837 6
49842 4
49847 3
49852 7
49855 7
49858 4
49868 10
49874 8
49881 1
49882 9
49887 9
49891 5
49894 9
49897 9
49898 2
49898 7
49907 2
49916 2
49918 10
49923 7
49930 1
49932 4
49934 9
49940 9
49944 9
49945 10
49954 9
49955 4
49965 3
49970 10
49977 8
49987 5
49994 6
49998 6
50008 5
50018 7
50022 7
50031 9
50037 1
50038 6
50046 6
50051 10
50055 3
50059 6
50065 8
50075 1
50083 1
50087 8
50092 3
50101 7
50104 8
50111 6
50117 3
50119 9
50127 2
50137 6
50139 5
50147 4
50154 3
50161 2
50167 5
50171 6
50172 8
50178 6
50180 8
50188 1
50197 7
50198 10
50207 1
50210 3
50212 8
50222 9
50226 8
50234 8
50240 2
50241 1
50248 4
50248 6
50258 3
50261 3
50268 4
50271 8
50281 10
50286 10
50289 8
50291 2
50298 7
50306 10
50310 6
50318 5
50326 10
50333 7
50333 4
50343 7
50344 4
50351 9
50361 6
50370 1
50370 4
50375 7
50384 9
50390 2
50394 1
50396 10
50403 2
50408 9
50413 2
50418 9
50424 1
50426 5
50431 7
50431 7
50438 10
50448 9
50456 2
50462 8
50471 6
50471 6
50473 1
50481 8
50490 10
50490 8
50491 2
50497 9
50505 2
50507 10
50513 8
50516 2
50524 7
50529 2
50533 10
50543 1
50553 1
50553 2
50560 10
50569 6
50577 6
50581 3
50581 10
50585 3
50592 7
50601 10
50605 2
50615 5
50617 6
50620 10
50620 9
50625 9
50634 8
50644 5
50645 3
50653 2
50654 6
50660 10
50660 9
50667 7
50668 10
50673 3
50677 1
50682 2
50687 5
50687 1
50696 5
50699 7
50700 5
50701 2
50706 2
50714 10
50724 9
50729 3
50739 4
50741 4
50744 6
50749 7
50757 4
50760 2
50766 1
50773 8
50782 6
50791 8
50798 4
50805 2
50811 4
50816 5
50822 3
50822 1
50831 7
50834 3
50839 3
50848 8
50853 9
50857 10
50858 6
50858 8
50862 10
50868 5
50874 9
50875 3
50879 10
50881 6
50882 5
50882 2
50882 3
50882 5
50891 6
50898 4
50903 4
50905 8
50910 2
50913 3
50923 2
50933 8
50940 5
50941 4
50944 1
50952 8
50954 6
50956 8
50965 8
50967 6
50973 7
50981 2
50986 6
50990 10
50999 5
51006 1
51008 2
51017 8
51019 2
51025 2
51035 3
51043 10
51052 4
51060 9
51067 3
51068 9
51075 5
51077 1
51084 10
51094 9
51094 6
51103 4
51113 9
51123 5
51126 8
51131 2
51136 1
51146 10
51155 2
51162 8
51170 4
51177 2
51180 7
51184 2
51184 4
51185 5
51189 9
51199 8
51203 4
51207 8
51217 1
51225 3
51233 4
51239 8
51243 3
51252 10
51258 4
51262 6
51272 5
51278 9
51284 8
51290 1
51295 3
51297 6
51298 3
51302 3
51304 7
51307 8
51315 7
51318 7
51327 3
51337 7
51341 9
51343 7
51349 2
51356 5
51358 2
51368 7
51372 6
51376 6
51381 9
51384 7
51393 2
51396 7
51399 3
51402 1
51408 2
51410 5
51412 10
51422 6
51430 10
51437 10
51443 9
51449 6
51455 3
51458 8
51464 8
51469 8
51471 9
51476 2
51478 10
51480 10
51487 9
51494 4
51499 6
51503 1
51512 4
51513 7
51516 1
51518 10
51520 3
51527 4
51528 2
51537 2
51544 9
51546 7
51556 6
51560 4
51567 3
51569 6
51571 1
51576 5
51578 9
51579 8
51588 5
51591 1
51598 9
51605 10
51614 10
51619 3
51625 7
51625 2
51634 6
51641 10
51643 5
51651 8
51651 2
51651 1
51655 6
51662 10
51663 10
51672 8
51677 8
51678 9
51686 3
51690 1
51690 2
51695 2
51700 9
51704 9
51713 7
51720 2
51730 1
51730 9
51736 3
51746 6
51750 2
51752 1
51753 5
51761 10
51766 1
51776 7
51776 3
51778 3
51782 1
51792 8
51794 10
51796 7
51796 4
51797 7
51804 7
51805 9
51814 1
51819 9
51822 7
51830 4
51840 1
51850 3
51859 9
51863 8
51866 9
51870 10
51879 7
51884 9
51888 8
51890 5
51894 3
51901 4
51904 3
51914 1
51915 5
51925 9
51935 4
51944 1
51952 9
51961 7
51966 6
51970 6
51976 6
51984 1
51984 5
51992 9
52002 1
52004 2
52007 9
52009 7
52013 8
52014 9
52023 10
52032 9
52032 3
52036 7
52044 2
52049 2
52052 10
52062 2
52062 3
52064 3
52072 5
52081 2
52084 8
52085 7
52086 7
52092 1
52101 10
52103 9
52112 5
52115 1
52115 1
52121 6
52130 8
52132 6
52142 1
52147 6
52154 2
52158 10
52161 5
52162 9
52166 5
52176 1
52176 10
52176 7
52180 6
52180 10
52188 1
52191 6
52200 4
52201 9
52208 1
52217 10
52225 3
52235 6
52242 9
52242 1
52251 5
52254 8
52263 2
52266 7
52269 10
52274 3
52280 5
52285 1
52286 3
52292 5
52292 7
52302 9
52310 7
52317 9
52327 8
52329 9
52332 2
52332 7
52337 1
52341 2
52346 2
52353 6
52357 6
52358 8
52362 7
52365 5
52375 8
52377 3
52387 10
52394 3
52395 2
52398 3
52398 9
52404 10
52409 4
52419 6
52423 7
52429 5
52433 7
52437 2
52439 5
52441 10
52447 1
52454 1
52463 7
52464 9
52464 6
52469 5
52475 9
52477 8
52484 7
52490 1
52496 5
52505 5
52510 8
52516 9
52522 4
52528 9
52537 4
52541 6
52545 1
52553 2
52561 6
52564 3
52573 4
52581 10
52586 6
52592 5
52592 7
52601 3
52604 9
52614 9
52614 3
52620 10
52626 7
52633 10
52633 10
52635 5
52637 3
52644 10
52651 10
52655 10
52660 2
52662 7
52663 7
52672 4
52675 2
52682 1
52684 2
52684 3
52692 6
52700 7
52707 8
52711 1
52711 2
52717 8
52720 4
52730 10
52737 2
52746 6
52753 6
52760 6
52763 5
52772 4
52776 8
52777 6
52779 3
52787 2
52791 7
52795 9
52805 6
52815 2
52820 6
52827 7
52832 10
52838 10
52838 6
52847 8
52852 4
52859 8
52863 2
52868 8
52870 9
52872 3
52872 2
52880 4
52882 3
52882 10
52884 2
52891 9
52891 3
52897 1
52901 6
52911 9
52919 1
52921 4
52931 4
52937 5
52944 3
52949 9
52951 2
52954 8
52963 1
52972 3
52979 5
52981 8
52988 3
52991 6
53000 5
53006 10
53013 5
53018 9
53020 10
53026 1
53031 2
53031 2
53032 5
53039 10
53044 6
53049 1
53058 8
53064 1
53066 5
53068 8
53078 2
53082 9
53083 6
53091 5
53098 2
53105 8
53105 10
53112 10
53121 8
53131 3
53138 4
53139 9
53148 3
53156 2
53160 6
53170 2
53174 2
53179 5
53188 9
53191 1
53191 1
53196 7
53198 2
53200 6
53200 8
53201 6
53202 2
53212 5
53220 4
53228 7
53230 9
53231 8
53240 10
53248 9
53254 8
53254 1
53260 2
53265 7
53267 4
53272 3
53276 3
53284 5
53291 7
53293 2
53294 8
53296 3
53301 6
53307 1
53316 6
53322 4
53323 8
53329 2
53336 1
53337 3
53342 4
53352 8
53352 9
53353 3
53353 4
53360 7
53363 4
53364 2
53365 1
53372 5
53381 10
53389 3
53396 5
53399 10
53399 4
53399 3
53408 4
53410 6
53412 6
53413 9
53418 5
53427 5
53430 8
53431 8
53436 7
53446 8
53456 3
53456 5
53463 5
53471 5
53477 1
53487 10
53492 1
53492 7
53495 6
53499 10
53504 5
53507 8
53517 9
53517 2
53527 9
53532 2
53535 10
53538 8
53542 5
53548 4
53556 1
53566 10
53571 9
53574 1
53581 5
53584 4
53593 7
53602 3
53608 7
53618 3
53625 4
53629 6
53634 3
53644 8
53649 7
53654 3
53662 4
53662 1
53662 1
53671 10
53671 5
53678 6
53684 5
53685 8
53687 5
53694 8
53694 7
53701 2
53704 10
53704 9
53713 1
53721 4
53728 6
53736 2
53745 9
53745 3
53751 6
53755 7
53764 10
53764 6
53768 6
53775 4
53776 10
53782 4
53791 7
53801 6
53810 6
53810 4
53812 4
53819 1
53819 9
53827 8
53828 5
53831 8
53836 9
53844 3
53849 10
53858 10
53865 3
53874 9
53880 9
53888 7
53891 4
53895 9
53905 10
53909 3
53916 6
53926 3
53927 5
53931 10
53935 5
53935 10
53937 10
53939 2
53949 6
53959 1
53968 7
53976 1
53985 9
53989 3
53990 4
53994 7
54003 7
54003 2
54007 2
54007 8
54010 5
54014 2
54022 10
54022 8
54027 7
54028 1
54031 6
54031 7
54040 4
54049 4
54050 5
54052 7
54056 4
54059 6
54063 3
54065 4
54067 2
54076 5
54086 10
54089 5
54097 9
54103 2
54104 8
54104 1
54113 8
54116 1
54126 8
54131 5
54136 9
54144 9
54154 3
54158 10
54161 9
54171 6
54181 6
54187 7
54192 7
54196 3
54200 10
54210 9
54213 2
54213 2
54219 8
54229 4
54239 10
54247 9
54251 7
54258 9
54268 4
54277 5
54284 5
54286 10
54288 1
54289 10
54289 8
54295 10
54295 9
54305 10
54311 10
54312 6
54314 8
54314 4
54320 4
54322 10
54323 5
54325 2
54328 7
54331 3
54338 6
54345 1
54347 1
54353 6
54356 4
54359 10
54359 2
54369 6
54371 3
54380 6
54386 1
54387 6
54388 1
54398 7
54400 2
54405 8
54410 10
54414 4
54424 10
54432 3
54433 6
54442 8
54447 1
54451 8
54458 5
54459 10
54459 10
54462 2
54462 6
54463 1
54466 6
54467 1
54472 8
54474 9
54476 5
54481 1
54489 7
54492 10
54492 4
54496 1
54501 4
54506 4
54508 8
54511 7
54520 3
54523 7
54532 7
54537 7
54543 2
54549 2
54550 10
54558 9
54563 3
54571 4
54574 1
54584 7
54587 9
54596 9
54606 5
54612 3
54616 6
54619 10
54620 7
54625 10
54626 3
54629 8
54629 8
54639 1
54648 9
54656 9
54662 1
54667 5
54674 6
54675 6
54678 1
54687 2
54693 1
54702 1
54710 8
54713 10
54715 3
54724 5
54728 7
54731 3
54733 10
54734 8
54737 9
54739 10
54747 8
54747 9
54757 8
54762 4
54770 2
54771 1
54775 6
54776 1
54783 1
54788 2
54794 2
54797 6
54802 9
54803 1
54812 8
54816 3
54822 1
54826 2
54835 4
54844 10
54854 1
54864 8
54864 2
54871 8
54879 4
54888 10
54894 4
54900 8
54902 1
54908 1
54918 1
54921 2
54923 8
54923 1
54927 1
54932 10
54938 4
54944 1
54944 6
54948 8
54956 8
54963 8
54971 6
54972 7
54982 4
54990 4
54994 1
54996 7
55002 2
55007 3
55014 3
55016 7
55016 10
55024 2
55030 8
55036 7
55044 2
55049 9
55053 10
55056 4
55056 3
55065 9
55073 6
55082 5
55092 6
55093 3
55103 2
55111 6
55120 9
55129 9
55131 10
55139 4
55144 1
55148 9
55153 9
55160 3
55164 3
55172 8
55176 10
55179 9
55187 3
55187 7
55191 1
55196 9
55196 4
55203 8
55208 5
55218 8
55220 4
55225 7
55232 10
55241 7
55246 4
55255 4
55255 8
55257 4
55259 4
55260 7
55266 6
55274 6
55281 4
55287 6
55289 7
55289 5
55296 10
55304 8
55309 4
55309 4
55311 8
55317 4
55324 3
55331 7
55338 9
55340 4
55344 2
55349 7
55349 6
55350 5
55354 6
55360 8
55362 3
55362 6
55370 1
55372 6
55378 10
55388 7
55393 8
55394 9
55397 10
55406 1
55406 5
55410 5
55413 10
55414 7
55416 3
55420 2
55427 10
55435 6
55435 8
55438 2
55445 1
55455 2
55458 2
55465 5
55465 6
55475 1
55483 6
55493 3
55498 10
55503 2
55507 3
55515 10
55515 2
55519 6
55523 7
55529 9
55532 6
55540 9
55541 1
55541 10
55551 2
55551 7
55561 9
55566 5
55575 10
55582 3
55589 3
55589 10
55596 6
55601 4
55608 5
55615 2
55618 1
55624 10
55630 7
55634 9
55636 3
55636 9
55638 8
55643 3
55647 3
55656 4
55659 8
55661 8
55670 3
55676 8
55679 4
55682 10
55686 3
55695 8
55696 4
55701 9
55704 5
55709 3
55717 2
55719 4
55728 2
55734 10
55738 4
55745 6
55746 1
55752 7
55756 6
55765 9
55771 1
55778 9
55784 4
55793 2
55795 6
55797 3
55806 1
55813 2
55813 6
55819 4
55828 9
55833 9
55835 8
55838 4
55844 4
55845 3
55850 1
55855 1
55859 2
55866 5
55869 10
55872 5
55872 8
55878 5
55878 10
55878 6
55888 3
55893 10
55896 2
55901 4
55909 8
55918 4
55918 4
55918 6
55920 9
55920 4
55924 1
55927 9
55937 10
55946 4
55953 5
55957 1
55960 7
55966 8
55969 7
55969 9
55974 1
55974 6
55984 9
55992 1
55998 4
56002 7
56009 3
56009 2
56013 2
56016 3
56022 6
56026 4
56029 4
56038 3
56045 6
56048 6
56054 5
56057 2
56057 4
56061 1
56065 7
56066 1
56068 6
56073 5
56080 1
56084 3
56086 1
56094 9
56095 1
56102 6
56107 4
56114 4
56124 5
56129 2
56136 10
56139 5
56143 4
56144 8
56146 1
56155 7
56156 10
56165 8
56171 9
56175 8
56175 8
56179 7
56184 9
56188 2
56194 10
56195 1
56200 8
56201 6
56205 4
56208 2
56213 9
56215 4
56217 1
56224 4
56229 8
56232 2
56238 7
56247 1
56250 4
56252 10
56260 8
56268 2
56273 9
56283 9
56293 7
56298 8
56308 10
56315 9
56321 6
56327 3
56327 5
56331 3
56333 8
56335 8
56336 8
56336 5
56343 9
56352 3
56357 9
56365 3
56369 3
56374 4
56380 4
56383 6
56385 6
56385 4
56389 8
56391 4
56394 2
56401 8
56409 10
56409 3
56411 2
56414 10
56415 8
56423 9
56433 3
56443 6
56444 5
56447 8
56455 3
56457 3
56461 9
56464 7
56473 8
56483 1
56484 8
56491 8
56495 2
56502 2
56509 2
56509 1
56513 3
56521 3
56528 9
56534 10
56536 3
56539 5
56548 9
56549 6
56550 9
56559 5
56565 1
56569 8
56572 3
56576 3
56578 1
56580 1
56580 1
56580 2
56587 5
56596 6
56596 6
56597 2
56600 7
56601 2
56611 5
56615 4
56618 1
56620 9
56627 2
56629 1
56637 6
56642 6
56651 6
56654 1
56662 2
56671 9
56681 10
56684 3
56684 9
56687 3
56688 1
56698 9
56701 9
56708 1
56714 1
56720 1
56727 4
56737 8
56739 6
56747 1
56755 5
56759 6
56763 1
56769 5
56778 4
56786 3
56790 7
56800 10
56807 10
56811 7
56811 2
56815 10
56822 8
56832 7
56842 6
56844 3
56853 10
56855 10
56855 1
56855 10
56861 5
56865 2
56868 4
56872 10
56878 2
56880 5
56884 8
56894 1
56899 2
56902 9
56912 7
56921 3
56929 3
56936 9
56944 8
56946 9
56950 1
56960 6
56966 3
56973 10
56981 4
56984 7
56984 10
56992 7
56998 7
57003 2
57007 9
57007 3
57011 9
57019 6
57019 1
57020 1
57020 6
57030 10
57031 6
57034 1
57034 4
57043 1
57048 8
57058 6
57063 5
57068 4
57075 4
57083 6
57093 9
57102 10
57112 7
57114 5
57121 10
57124 9
57129 4
57136 5
57144 1
57154 2
57163 5
57163 6
57165 7
57173 4
57183 7
57189 3
57196 2
57203 8
57203 6
57206 10
57215 7
57220 2
57228 10
57233 9
57235 5
57238 9
57239 10
57248 10
57256 5
57266 7
57274 3
57275 8
57281 3
57290 3
57294 9
57296 4
57300 2
57302 7
57306 3
57308 2
57317 8
57320 7
57328 9
57338 4
57343 10
57351 6
57351 8
57357 7
57360 1
57370 9
57372 4
57380 6
57385 9
57388 8
57391 2
57392 7
57400 2
57408 7
57409 1
57415 4
57419 9
57426 3
57436 5
57444 10
57447 1
57455 6
57459 4
57465 1
57466 8
57472 5
57482 10
57484 7
57491 9
57501 10
57507 4
57508 1
57514 4
57515 2
57520 5
57525 7
57526 4
57534 3
57538 7
57540 2
57540 3
57545 3
57547 9
57552 4
57558 6
57562 8
57568 8
57576 3
57585 3
57586 4
57588 8
57596 6
57601 5
57609 3
57615 4
57625 7
57631 1
57635 2
57643 5
57646 10
57655 10
57656 1
57665 7
57665 1
57668 3
57675 9
57679 5
57686 6
57693 7
57698 3
57700 3
57707 1
57711 3
57712 6
57717 7
57718 10
57728 4
57732 5
57738 8
57739 2
57740 2
57744 2
57752 8
57753 8
57754 6
57758 7
57766 3
57773 3
57773 8
57783 5
57785 5
57790 1
57798 5
57805 2
57814 2
57816 5
57826 6
57829 2
57831 5
57840 7
57849 3
57853 2
57856 9
57860 2
57867 4
57872 3
57881 10
57889 10
57895 1
57905 9
57914 7
57916 9
57919 2
57922 4
57927 1
57934 10
57936 7
57944 10
57952 7
57958 6
57968 8
57968 2
57977 4
57979 5
57987 6
57994 8
58003 1
58003 3
58013 9
58018 1
58020 1
58026 6
58034 4
58043 6
58043 9
58050 2
58052 2
58059 7
58061 9
58064 3
58071 9
58075 6
58079 10
58084 4
58091 9
58094 1
58103 6
58103 9
58111 4
58121 9
58121 9
58128 1
58131 8
58132 9
58140 3
58143 2
58144 3
58152 3
58153 8
58159 2
58169 1
58173 8
58177 9
58178 5
58178 4
58186 7
58191 8
58191 5
58192 8
58201 3
58206 6
58207 2
58217 3
58226 1
58233 1
58236 9
58237 5
58240 8
58249 6
58253 8
58256 9
58263 5
58267 5
58270 3
58279 4
58282 4
58284 2
58290 10
58298 3
58306 8
58313 4
58313 8
58319 4
58328 5
58330 1
58331 2
58334 2
58344 8
58348 7
58357 9
58358 10
58360 2
58360 1
58362 10
58363 2
58373 9
58382 7
58384 7
58392 3
58398 3
58399 6
58402 5
58403 10
58411 4
58415 6
58419 7
58425 8
58431 9
58431 10
58432 2
58437 8
58443 8
58452 7
58457 7
58463 6
58468 8
58473 5
58483 2
58493 8
58503 1
58504 1
58508 1
58514 8
58514 10
58521 10
58525 9
58535 2
58536 1
58541 9
58542 2
58546 10
58550 9
58551 3
58557 9
58564 8
58574 5
58579 9
58579 1
58579 5
58583 4
58591 3
58595 1
58598 10
58601 7
58609 4
58612 6
58620 9
58630 8
58637 7
58642 5
58648 6
58656 6
58659 4
58666 1
58671 8
58677 4
58682 7
58691 8
58701 10
58703 8
58705 6
58713 7
58715 2
58719 9
58727 1
58736 3
58745 4
58745 1
58746 6
58746 8
58752 6
58761 9
58761 8
58769 2
58774 3
58779 2
58782 7
58785 5
58790 2
58800 7
58802 8
58802 10
58803 10
58812 9
58817 5
58823 4
58833 1
58842 7
58850 9
58857 7
58858 3
58864 9
58864 7
58869 9
58872 8
58874 4
58884 8
58888 9
58888 8
58897 8
58904 6
58907 6
58914 4
58919 6
58922 4
58925 4
58925 10
58930 6
58935 9
58937 8
58939 3
58940 6
58945 8
58953 1
58958 2
58966 1
58966 10
58974 5
58982 10
58990 6
59000 4
59009 10
59017 5
59023 3
59024 3
59032 3
59042 4
59045 6
59047 4
59053 10
59058 3
59065 5
59066 10
59074 6
59076 1
59079 5
59082 4
59091 6
59096 2
59106 5
59106 1
59114 10
59118 8
59118 10
59125 1
59125 8
59133 3
59135 9
59144 3
59148 4
59150 9
59160 6
59167 7
59170 2
59178 3
59182 6
59190 5
59194 1
59202 10
59209 5
59218 3
59218 8
59219 8
59219 10
59229 4
59237 2
59245 6
59251 4
59251 9
59255 1
59265 1
59267 8
59275 3
59284 9
59293 10
59298 6
59306 10
59306 10
59310 3
59316 6
59319 7
59323 10
59327 5
59330 5
59335 10
59345 8
59346 5
59356 9
59363 7
59373 2
59382 3
59382 1
59389 6
59391 1
59399 4
59401 8
59406 5
59414 5
59416 2
59416 4
59420 9
59430 5
59440 10
59440 3
59443 1
59451 5
59452 8
59457 9
59459 10
59465 5
59465 4
59473 6
59475 10
59476 9
59478 10
59488 5
59498 7
59505 3
59509 4
59519 6
59526 4
59533 1
59533 9
59536 7
59543 7
59545 3
59549 4
59556 2
59559 10
59567 9
59575 3
59584 2
59586 5
59587 8
59589 3
59589 4
59594 7
59596 8
59603 4
59611 8
59612 7
59618 5
59626 10
59634 8
59643 7
59646 3
59655 2
59655 1
59659 9
59661 6
59670 4
59670 9
59680 6
59685 10
59690 3
59695 2
59703 6
59712 3
59713 4
59714 1
59720 7
59721 3
59722 8
59731 6
59740 4
59747 1
59748 3
59755 2
59762 8
59764 10
59765 7
59772 2
59777 8
59779 1
59785 4
59786 7
59790 7
59792 10
59793 4
59800 4
59810 9
59815 8
59823 5
59832 2
59832 9
59837 5
59844 3
59853 9
59854 1
59860 7
59861 4
59866 8
59874 4
59883 8
59890 6
59898 7
59905 6
59910 9
59910 3
59917 4
59921 3
59921 6
59931 7
59931 10
59936 7
59939 4
59941 1
59951 3
59955 3
59962 2
59962 4
59964 8
59969 2
59977 4
59986 1
59989 10
59992 9
60001 2
60009 3
60009 3
60013 1
60022 2
60022 2
60025 8
60026 8
60035 7
60039 8
60044 2
60050 3
60053 10
60059 4
60061 9
60069 5
60079 9
60089 5
60095 9
60105 9
60112 1
60120 6
60130 7
60139 8
60146 5
60153 8
60163 1
60164 3
60164 6
60171 10
60172 2
60174 6
60179 3
60186 2
60187 9
60188 3
60190 4
60195 9
60199 4
60205 6
60208 8
60218 8
60218 6
60221 1
60224 2
60224 6
60233 5
60234 6
60243 4
60245 2
60255 2
60260 3
60270 5
60280 7
60289 10
60299 9
60304 6
60306 6
60311 1
60312 3
60314 7
60323 7
60331 2
60333 2
60336 3
60341 8
60348 8
60348 1
60351 4
60355 3
60357 1
60359 1
60368 9
60374 1
60381 5
60389 5
60393 3
60400 3
60401 6
60407 10
60410 10
60411 2
60415 10
60417 2
60424 3
60432 9
60441 7
60442 2
60442 8
60449 8
60459 9
60462 4
60469 6
60469 7
60477 6
60484 9
60487 7
60496 4
60505 6
60507 2
60514 3
60524 4
60531 10
60540 7
60543 1
60543 10
60551 9
60561 2
60563 3
60573 7
60578 5
60587 2
60591 7
60594 9
60600 6
60602 2
60604 2
60608 8
60608 5
60609 10
60616 2
60616 4
60617 6
60623 6
60633 4
60633 7
60642 8
60651 3
60655 9
60665 1
60668 6
60678 1
60680 1
60690 10
60695 6
60695 10
60705 3
60710 10
60718 1
60718 8
60721 10
60729 7
60739 6
60739 6
60745 3
60745 10
60754 9
60754 8
60757 2
60767 4
60776 1
60784 5
60790 1
60795 4
60804 1
60813 8
60819 9
60829 10
60829 6
60833 10
60840 2
60843 9
60844 2
60847 1
60847 5
60856 4
60864 1
60865 1
60870 4
60875 6
60885 7
60888 9
60896 2
60900 3
60901 6
60903 8
60911 3
60920 6
60926 5
60936 3
60936 5
60938 6
60939 5
60947 10
60955 3
60965 9
60968 1
60976 8
60978 8
60986 2
60991 3
60998 9
61001 8
61010 5
61012 4
61013 3
61018 4
61025 7
61030 7
61030 9
61032 3
61037 9
61045 5
61047 8
61048 7
61048 6
61056 9
61062 9
61070 1
61075 8
61075 2
61075 4
61081 10
61089 3
61094 8
61094 8
61098 1
61105 5
61110 6
61120 10
61125 3
61133 4
61138 10
61147 9
61151 4
61152 5
61158 7
61163 2
61168 2
61168 6
61176 1
61179 10
61181 2
61191 10
61195 10
61205 1
61215 6
61224 4
61233 7
61234 5
61241 9
61245 9
61245 1
61249 6
61258 8
61258 2
61260 6
61263 10
61272 9
61282 8
61284 2
61285 1
61292 4
61302 3
61305 10
61309 2
61312 10
61312 7
61317 2
61321 5
61328 3
61335 8
61341 1
61342 9
61345 10
61351 6
61359 5
61363 9
61366 1
61372 10
61376 3
61378 10
61383 5
61390 6
61397 8
61398 7
61402 8
61409 1
61416 4
61416 8
61422 6
61424 6
61434 2
61438 10
61445 7
61450 4
61455 2
61458 3
61468 2
61475 4
61482 7
61486 2
61490 9
61497 7
61503 5
61511 8
61521 10
61522 1
61523 7
61532 5
61533 1
61539 4
61547 4
61552 9
61556 5
61566 6
61573 7
61583 9
61584 3
61592 10
61593 1
61599 10
61600 2
61605 1
61615 3
61625 4
61628 4
61633 6
61643 6
61649 1
61656 1
61658 3
61664 7
61665 7
61671 7
61681 10
61681 6
61684 9
61693 10
61694 6
61702 5
61711 7
61712 10
61722 8
61732 1
61742 5
61750 8
61756 3
61758 9
61762 6
61764 8
61767 4
61773 4
61775 10
61777 4
61777 10
61787 8
61795 9
61804 2
61811 3
61821 8
61822 8
61829 8
61833 2
61835 4
61841 5
61850 4
61855 6
61856 4
61862 5
61869 3
61869 7
61872 5
61877 8
61878 5
61885 4
61893 2
61895 8
61898 5
61898 9
61900 8
61908 1
61909 5
61910 2
61916 2
61919 6
61922 5
61928 7
61936 1
61941 8
61943 7
61950 7
61955 6
61957 9
61960 7
61969 1
61976 1
61986 9
61991 9
61991 6
61997 10
61997 6
62000 6
62000 3
62007 9
62014 2
62016 5
62024 5
62033 6
62035 2
62035 3
62035 10
62039 7
62042 10
62052 10
62059 8
62063 9
62065 2
62068 9
62074 1
62080 8
62088 4
62092 1
62093 4
62103 2
62103 3
62113 9
62115 9
62125 2
62134 3
62140 7
62143 1
62143 7
62145 1
62151 10
62151 5
62160 6
62165 3
62175 8
62176 5
62182 3
62186 5
62196 10
62202 9
62212 4
62217 3
62223 2
62232 9
62233 9
62241 6
62248 4
62252 1
62256 9
62260 7
62261 1
62269 5
62270 1
62280 7
62286 3
62293 3
62298 9
62305 10
62313 2
62321 3
62325 10
62326 2
62327 9
62329 4
62339 9
62342 3
62350 5
62357 6
62357 9
62365 9
62374 1
62384 10
62388 1
62392 2
62392 8
62398 4
62401 3
62405 2
62415 10
62421 9
62421 7
62429 10
62438 1
62440 1
62448 9
62451 1
62451 5
62459 1
62465 1
62466 8
62476 9
62483 8
62484 9
62488 5
62493 6
62498 9
62504 6
62504 8
62507 4
62516 5
62523 9
62528 6
62538 9
62545 9
62547 1
62555 2
62555 9
62558 3
62561 9
62571 10
62572 1
62572 9
62575 9
62584 2
62593 4
62599 6
62604 4
62614 9
62615 8
62621 6
62631 5
62633 8
62637 7
62646 5
62654 10
62656 3
62665 5
62671 6
62671 9
62677 6
62686 8
62686 7
62695 4
62701 8
62703 4
62703 3
62704 3
62712 5
62717 4
62727 7
62727 6
62737 6
62738 4
62746 4
62753 4
62760 5
62761 3
62767 4
62771 10
62778 1
62778 7
62782 2
62789 8
62792 1
62797 7
62799 8
62799 2
62800 4
62803 8
62813 8
62823 7
62823 3
62823 7
62832 8
62837 1
62846 2
62848 6
62850 8
62851 1
62860 9
62862 2
62870 2
62878 3
62888 8
62894 4
62903 6
62905 9
62909 2
62913 7
62918 4
62925 2
62935 6
62938 9
62942 5
62945 8
62951 1
62960 3
62965 1
62974 2
62979 9
62980 5
62986 9
62987 5
62991 3
63001 2
63011 9
63021 4
63022 3
63030 4
63032 7
63035 3
63038 9
63046 2
63051 3
63060 1
63068 1
63070 9
63079 3
63079 1
63083 7
63090 4
63094 8
63104 4
63110 2
63116 10
63120 9
63124 7
63132 8
63142 9
63147 6
63147 4
63150 7
63154 6
63155 9
63155 7
63159 10
63163 3
63164 8
63164 1
63171 6
63176 8
63180 5
63185 4
63191 6
63192 5
63200 5
63200 6
63202 4
63211 4
63220 10
63225 10
63228 10
63236 10
63236 9
63246 6
63247 5
63252 1
63261 1
63263 2
63263 7
63265 7
63266 7
63273 2
63278 7
63282 5
63283 6
63284 1
63292 7
63297 4
63301 4
63302 2
63308 6
63314 8
63317 7
63323 5
63332 8
63342 4
63351 7
63353 9
63361 3
63363 5
63367 10
63367 3
63377 8
63384 4
63392 8
63398 1
63402 10
63406 2
63413 9
63420 10
63424 9
63429 3
63436 1
63437 2
63437 5
63439 3
63445 2
63448 1
63451 4
63457 2
63464 4
63464 6
63473 3
63477 2
63487 5
63497 7
63500 6
63503 10
63511 1
63513 1
63518 10
63528 10
63530 9
63531 2
63532 9
63532 4
63536 7
63541 6
63543 8
63550 2
63556 10
63559 7
63565 9
63572 2
63579 1
63587 4
63597 6
63606 3
63613 7
63614 9
63617 1
63619 9
63619 3
63627 10
63629 5
63630 4
63638 8
63641 10
63650 8
63654 5
63659 7
63665 9
63672 6
63673 2
63675 9
63683 1
63688 4
63689 7
63692 4
63698 8
63699 8
63709 3
63719 3
63727 3
63736 7
63746 8
63748 8
63753 10
63761 1
63770 7
63780 1
63781 9
63783 7
63788 2
63796 5
63803 2
63807 4
63811 7
63816 10
63824 6
63834 10
63841 2
63841 3
63850 3
63855 2
63858 3
63859 10
63863 10
63866 9
63873 10
63881 4
63887 7
63895 8
63896 5
63903 6
63907 5
63913 5
63919 7
63927 9
63928 3
63938 1
63942 8
63947 9
63949 8
63953 2
63958 4
63958 10
63958 4
63964 4
63971 6
63971 10
63977 7
63983 9
63991 4
63995 3
64000 4
64007 2
64017 7
64023 10
64028 1
64036 4
64045 5
64052 3
64054 2
64064 1
64074 7
64077 10
64087 8
64092 9
64094 10
64104 7
64112 10
64116 5
64121 10
64128 1
64135 4
64140 5
64140 9
64143 3
64143 4
64148 1
64155 6
64158 9
64165 3
64173 6
64177 2
64182 8
64183 3
64191 8
64196 8
64197 5
64202 6
64208 5
64216 7
64219 8
64225 1
64231 5
64237 1
64241 1
64245 4
64253 8
64262 9
64271 8
64279 8
64279 5
64284 7
64286 10
64294 10
64297 8
64302 3
64312 1
64312 5
64321 3
64322 1
64327 9
64331 1
64331 2
64341 2
64347 5
64348 8
64355 8
64363 10
64369 8
64374 3
64381 10
64381 2
64387 1
64395 6
64400 3
64404 7
64404 4
64412 1
64418 10
64426 8
64427 5
64433 5
64438 1
64441 1
64444 7
64450 7
64453 1
64455 9
64460 6
64460 5
64466 4
64473 10
64482 1
64487 4
64497 6
64500 6
64501 7
64508 4
64515 8
64518 10
64522 9
64529 4
64530 6
64534 1
64540 8
64543 8
64549 9
64554 9
64555 3
64560 3
64561 2
64571 9
64576 2
64581 8
64583 9
64592 5
64594 4
64596 8
64598 3
64603 9
64610 6
64617 2
64622 9
64625 9
64634 4
64637 10
64641 3
64649 6
64654 2
64660 5
64666 3
64667 9
64674 2
64682 9
64688 6
64691 4
64700 7
64701 9
64710 10
64717 9
64725 1
64727 10
64729 7
64733 10
64742 3
64743 10
64744 9
64753 3
64755 4
64759 4
64767 1
64776 3
64783 9
64791 5
64801 1
64809 2
64813 10
64816 7
64822 2
64831 7
64834 5
64838 9
64847 6
64847 3
64855 5
64862 1
64863 7
64872 4
64874 8
64882 4
64882 3
64885 1
64888 1
64894 3
64903 6
64903 8
64903 8
64907 3
64912 3
64920 5
64927 5
64932 5
64940 4
64950 8
64959 10
64967 10
64967 10
64977 9
64981 9
64982 6
64988 1
64990 7
64995 3
64997 3
65006 6
65006 5
65009 8
65016 4
65022 2
65031 1
65032 6
65041 6
65046 4
65048 1
65058 6
65067 9
65069 2
65076 5
65083 5
65088 2
65093 10
65099 3
65107 6
65116 9
65122 1
65125 10
65126 2
65130 5
65138 2
65140 10
65147 2
65155 6
65164 4
65168 9
65177 3
65183 10
65183 7
65184 10
65185 10
65192 3
65195 8
65204 8
65214 3
65221 7
65228 8
65229 5
65234 5
65243 6
65252 4
65259 7
65267 8
65276 2
65278 10
65280 10
65284 1
65292 3
65297 7
65305 4
65312 4
65321 5
65329 7
65331 4
65333 2
65337 2
65338 7
65341 6
65345 6
65349 9
65356 10
65364 7
65365 3
65371 3
65381 2
65387 2
65388 7
65392 2
65400 10
65410 7
65415 8
65423 9
65425 7
65429 9
65438 2
65438 8
65438 9
65442 2
65452 8
65455 5
65464 3
65464 7
65473 8
65478 3
65485 6
65488 8
65491 10
65496 9
65503 3
65511 10
65514 6
65523 6
65525 5
65527 10
65535 6
65543 2
65553 3
65553 6
65562 9
65563 7
65568 2
65573 10
65573 6
65583 8
65588 7
65597 4
65607 6
65616 8
65622 9
65622 4
65623 2
65629 3
65629 5
65635 6
65644 9
65646 2
65653 2
65661 2
65663 1
65663 6
65672 6
65673 3
65677 10
65685 3
65692 1
65692 6
65694 10
65699 10
65699 8
65707 1
65711 1
65711 8
65714 6
65718 2
65727 9
65727 7
65727 1
65733 9
65742 10
65743 4
65753 6
65763 4
65768 10
65768 3
65768 10
65770 5
65776 10
65786 8
65790 4
65792 4
65797 1
65807 1
65817 10
65823 4
65828 9
65829 1
65835 9
65837 3
65837 9
65841 4
65850 4
65851 4
65853 5
65863 1
65864 3
65871 5
65881 8
65888 5
65896 4
65900 9
65908 7
65912 10
65913 9
65916 4
65924 2
65924 8
65932 2
65939 2
65949 3
65953 7
65956 1
65958 9
65962 5
65971 7
65972 4
65982 4
65988 10
65989 9
65996 8
66003 6
66010 6
66016 8
66020 6
66022 4
66026 4
66036 6
66040 10
66049 5
66059 10
66065 4
66073 10
66080 8
66085 1
66093 6
66099 2
66102 8
66107 6
66112 7
66120 7
66128 1
66137 1
66146 9
66152 2
66158 6
66158 6
66159 6
66162 9
66169 6
66179 1
66187 10
66192 4
66197 3
66201 6
66206 4
66208 9
66208 5
66216 3
66225 1
66227 6
66231 7
66235 8
66242 8
66251 7
66252 8
66257 7
66259 10
66262 5
66268 5
66273 1
66279 4
66281 3
66285 1
66287 1
66295 1
66300 10
66304 1
66308 10
66310 6
66310 3
66318 4
66324 1
66325 5
66330 7
66333 8
66337 6
66339 1
66341 1
66343 4
66350 6
66355 1
66365 4
66372 6
66378 1
66380 1
66389 8
66397 8
66407 10
66407 8
66408 10
66418 5
66428 9
66438 6
66444 8
66447 5
66455 9
66456 1
66459 10
66465 7
66471 1
66472 8
66478 4
66483 7
66486 6
66491 10
66497 2
66503 5
66508 3
66510 1
66513 3
66513 5
66513 6
66514 4
66521 5
66521 8
66522 10
66526 3
66532 2
66542 7
66542 6
66551 6
66559 4
66569 7
66576 4
66577 5
66583 6
66590 10
66590 8
66597 9
66600 3
66607 7
66613 2
66614 6
66620 2
66626 4
66629 10
66632 4
66638 10
66640 8
66640 10
66650 10
66653 5
66661 1
66665 4
66673 6
66683 6
66693 10
66696 3
66699 4
66708 9
66713 2
66713 7
66722 10
66727 8
66733 3
66735 2
66743 8
66753 3
66758 1
66764 9
66772 4
66777 10
66785 4
66788 9
66792 7
66798 8
66807 6
66808 7
66816 4
66824 5
66834 5
66841 1
66851 7
66857 3
66866 1
66870 4
66874 7
66882 10
66884 8
66892 1
66902 7
66904 6
66910 5
66916 9
66924 7
66931 7
66941 1
66951 6
66958 3
66958 5
66963 10
66971 10
66981 7
66989 10
66993 9
67001 10
67007 1
67008 6
67009 6
67012 6
67021 1
67024 6
67034 4
67036 2
67041 2
67051 3
67055 8
67060 1
67069 5
67074 1
67079 2
67084 7
67093 7
67103 10
67113 10
67117 8
67118 2
67119 4
67124 5
67129 2
67134 3
67140 1
67150 8
67150 8
67152 3
67162 6
67166 10
67171 9
67177 7
67183 1
67186 6
67187 9
67189 1
67190 3
67194 7
67198 5
67207 8
67211 3
67221 8
67225 10
67231 10
67235 6
67240 8
67246 8
67255 5
67260 4
67269 8
67271 10
67276 6
67281 8
67287 8
67292 5
67300 9
67302 3
67302 9
67306 5
67315 8
67317 2
67321 8
67322 10
67332 8
67341 6
67348 9
67353 8
67353 1
67361 8
67370 8
67379 6
67387 1
67387 3
67392 3
67394 2
67404 2
67406 6
67407 3
67407 3
67411 2
67414 2
67422 8
67432 6
67437 5
67439 8
67446 9
67452 2
67462 5
67462 2
67469 5
67471 7
67477 10
67485 7
67487 9
67491 7
67496 9
67500 2
67502 8
67509 8
67515 4
67525 7
67531 1
67536 3
67546 6
67550 4
67556 2
67557 10
67565 3
67571 7
67574 6
67575 6
67578 2
67586 4
67590 8
67590 4
67590 1
67590 4
67591 2
67601 8
67610 3
67615 1
67622 2
67627 8
67637 7
67637 10
67643 9
67651 10
67656 7
67658 3
67664 8
67671 8
67680 1
67682 2
67692 10
67700 3
67702 4
67703 9
67706 6
67715 3
67717 10
67721 5
67721 10
67724 1
67727 10
67728 2
67731 3
67736 7
67738 3
67745 9
67749 3
67749 5
67753 7
67753 4
67756 8
67764 3
67772 10
67781 8
67791 3
67800 6
67802 4
67802 3
67808 8
67811 3
67819 1
67827 1
67828 3
67833 10
67838 7
67846 2
67848 1
67848 4
67851 5
67854 10
67863 2
67865 3
67874 5
67877 5
67881 7
67881 2
67883 2
67886 9
67890 9
67894 7
67904 3
67909 4
67914 6
67923 5
67925 1
67931 1
67931 2
67931 10
67940 1
67941 9
67946 8
67947 6
67952 6
67961 9
67970 6
67974 2
67977 8
67986 4
67987 5
67989 7
67995 4
67998 8
68002 5
68004 4
68006 7
68008 5
68008 7
68012 5
68016 8
68018 9
68022 10
68028 4
68030 8
68030 4
68037 7
68045 6
68054 10
68060 8
68070 3
68072 10
68080 8
68086 5
68089 6
68090 6
68100 6
68105 7
68111 7
68117 6
68119 8
68119 5
68126 2
68135 7
68139 6
68142 6
68142 8
68144 2
68151 2
68154 10
68158 9
68161 3
68168 3
68172 2
68181 2
68190 5
68196 7
68204 6
68208 3
68211 10
68220 9
68227 1
68236 1
68240 2
68243 9
68243 1
68253 10
68253 4
68263 4
68268 4
68272 4
68274 7
68274 9
68280 10
68282 7
68289 2
68289 6
68294 10
68303 5
68313 1
68316 5
68322 6
68332 8
68337 9
68346 4
68348 9
68349 1
68355 10
68357 10
68367 5
68375 4
68377 10
68385 1
68389 8
68392 3
68397 3
68406 2
68411 3
68416 9
68420 3
68426 4
68436 3
68445 9
68447 8
68451 5
68451 7
68457 1
68462 9
68469 8
68474 1
68484 9
68485 10
68492 3
68498 2
68499 5
68499 6
68501 10
68503 5
68503 2
68508 9
68512 7
68513 8
68518 4
68528 3
68532 6
68539 4
68539 5
68548 6
68548 7
68554 1
68563 6
68572 4
68573 7
68580 4
68582 3
68585 8
68589 10
68592 9
68602 2
68608 5
68611 3
68613 1
68621 3
68630 8
68640 7
68648 4
68655 8
68659 9
68661 6
68671 4
68681 6
68689 8
68696 7
68704 10
68713 6
68719 5
68722 2
68726 9
68732 4
68740 6
68745 9
68746 6
68754 10
68763 2
68767 7
68767 7
68776 7
68779 1
68783 2
68792 1
68792 5
68795 9
68804 5
68806 3
68811 8
68819 4
68829 4
68829 5
68830 6
68834 2
68836 3
68841 8
68850 5
68853 2
68855 1
68859 7
68860 2
68864 5
68874 8
68876 5
68876 7
68878 6
68884 8
68890 5
68895 7
68904 9
68904 6
68911 8
68916 7
68916 10
68923 6
68933 5
68940 5
68944 2
68950 6
68958 2
68962 8
68965 6
68972 8
68976 2
68980 7
68990 5
68990 7
68992 6
68995 4
68997 5
68999 3
69002 5
69003 8
69005 1
69007 7
69016 10
69020 10
69022 3
69026 4
69027 3
69032 7
69033 7
69035 10
69045 1
69046 7
69046 3
69046 3
69054 7
69063 6
69068 8
69073 3
69076 10
69086 2
69095 3
69105 1
69106 10
69112 3
69121 3
69131 9
69140 8
69146 7
69156 7
69157 10
69163 3
69167 5
69174 1
69184 7
69191 3
69194 5
69196 8
69196 2
69202 1
69202 4
69203 2
69209 5
69216 1
69222 1
69230 3
69240 2
69243 7
69244 7
69253 9
69261 8
69269 3
69275 8
69275 6
69283 10
69293 8
69297 2
69300 9
69308 2
69310 10
69310 7
69317 7
69327 7
69336 8
69344 2
69354 8
69363 9
69365 1
69368 6
69377 9
69382 6
69388 10
69395 9
69405 5
69410 8
69414 4
69421 6
69423 4
69432 5
69437 9
69442 1
69448 6
69456 2
69462 7
69470 6
69478 1
69479 3
69489 7
69499 1
69508 2
69512 7
69518 6
69519 7
69524 10
69531 4
69531 8
69540 8
69541 5
69541 1
69544 7
69552 10
69561 8
69571 3
69576 6
69579 7
69588 3
69592 4
69598 1
69598 9
69599 5
69604 10
69609 10
69615 8
69623 10
69632 1
69634 6
69642 10
69643 3
69647 9
69648 5
69654 7
69656 2
69658 9
69661 4
69664 4
69672 5
69674 3
69684 4
69688 2
69690 7
69694 6
69699 4
69699 7
69706 6
69706 8
69716 2
69722 4
69726 8
69729 9
69738 3
69746 1
69749 7
69753 2
69759 2
69765 9
69774 6
69782 4
69791 8
69799 7
69799 7
69807 8
69809 10
69818 7
69828 6
69838 10
69844 9
69844 6
69849 5
69857 9
69866 1
69871 8
69871 1
69880 8
69880 5
69889 3
69891 3
69899 5
69906 4
69913 3
69917 8
69918 9
69928 3
69933 3
69933 4
69934 7
69935 8
69939 3
69947 9
69953 9
69962 10
69967 8
69975 5
69976 8
69981 5
69989 10
69989 3
69993 8
69997 4
69997 6
70006 3
70008 2
70014 9
70023 1
70032 10
70042 3
70047 3
70048 1
70052 4
70058 9
70066 9
70071 1
70079 10
70085 7
70091 3
70095 4
70100 7
70100 9
70100 5
70104 5
70104 10
70105 2
70108 10
70114 3
70117 3
70121 4
70121 5
70128 3
70135 7
70141 10
70147 5
70150 7
70154 2
70155 1
70165 6
70165 9
70168 5
70172 1
70173 6
70175 1
70183 9
70186 9
70187 2
70191 8
70192 2
70199 8
70207 2
70213 2
70223 1
70226 8
70235 10
70241 5
70245 10
70252 9
70259 3
70267 2
70267 7
70269 4
70269 3
70277 8
70279 10
70284 4
70284 3
70293 6
70299 10
70304 5
70308 3
70310 4
70319 7
70320 8
70323 5
70331 2
70339 1
70343 1
70343 7
70350 1
70352 4
70354 10
70354 1
70364 4
70366 2
70372 1
70375 1
70375 8
70380 8
70383 10
70390 7
70390 5
70396 9
70405 2
70408 2
70416 5
70421 7
70426 6
70435 3
70444 1
70449 10
70453 10
70455 6
70459 9
70461 5
70465 8
70468 2
70477 1
70485 7
70486 8
70486 7
70490 7
70497 10
70505 4
70515 4
70517 6
70526 8
70526 7
70533 4
70537 9
70546 6
70549 4
70550 9
70557 8
70562 10
70566 7
70571 10
70580 4
70584 9
70588 3
70588 5
70595 9
70604 4
70612 5
70620 2
70630 1
70638 2
70642 8
70642 1
70644 9
70648 5
70657 8
70660 2
70666 4
70666 10
70673 7
70676 5
70684 7
70689 3
70692 2
70694 8
70698 5
70701 8
70706 2
70708 2
70712 2
70714 7
70715 1
70722 2
70728 1
70730 4
70733 6
70735 4
70737 10
70738 7
70743 4
70751 5
70761 6
70764 4
70774 4
70774 6
70783 10
70787 5
70790 1
70791 8
70792 10
70792 10
70798 10
70801 1
70807 1
70810 10
70813 3
70821 5
70828 8
70833 6
70834 5
70842 7
70848 5
70853 10
70860 1
70866 10
70876 9
70876 7
70881 6
70885 8
70890 5
70899 3
70903 5
70911 7
70913 7
70916 6
70922 6
70924 2
70932 6
70938 9
70939 10
70948 6
70952 1
70957 6
70957 2
70964 3
70965 4
70974 5
70974 4
70976 3
70981 6
70984 7
70985 1
70993 2
71001 1
71011 2
71013 3
71022 7
71026 2
71031 1
71039 9
71043 10
71048 2
71048 1
71054 8
71057 8
71060 2
71068 5
71075 4
71075 8
71080 8
71082 3
71083 1
71084 5
71094 4
71101 8
71106 1
71109 6
71119 5
71129 8
71132 1
71134 8
71139 2
71149 6
71149 10
71154 1
71158 7
71158 1
71161 6
71171 2
71176 3
71183 5
71187 7
71194 1
71195 9
71200 7
71205 7
71205 5
71209 6
71211 7
71217 6
71217 6
71227 3
71231 8
71231 4
71231 9
71238 9
71239 4
71243 6
71243 10
71243 4
71253 5
71255 3
71260 10
71265 10
71275 7
71285 4
71295 6
71301 1
71310 6
71316 5
71326 3
71329 1
71338 4
71345 10
71345 3
71348 1
71358 4
71363 8
71373 3
71381 2
71391 4
71397 4
71399 5
71400 6
71406 9
71414 8
71419 9
71423 6
71428 7
71428 6
71431 1
71432 7
71439 1
71444 1
71448 3
71451 3
71458 1
71459 6
71468 1
71476 9
71479 7
71487 1
71490 8
71500 8
71510 7
71519 6
71520 1
71525 6
71527 8
71537 4
71544 2
71552 9
71562 6
71571 1
71579 9
71579 7
71587 9
71594 3
71604 10
71608 4
71609 3
71619 5
71628 1
71634 6
71634 8
71641 4
71649 10
71656 5
71665 9
71666 1
71675 10
71680 6
71688 1
71693 6
71696 8
71699 5
71699 7
71704 6
71709 1
71717 2
71721 3
71729 9
71735 7
71738 8
71747 2
71756 4
71760 10
71762 1
71762 8
71767 1
71771 6
71776 10
71783 6
71793 6
71798 1
71800 6
71800 3
71807 6
71809 1
71815 6
71817 3
71821 5
71822 1
71828 5
71829 3
71829 7
71832 2
71840 5
71850 4
71859 7
71862 8
71863 8
71869 2
71872 1
71878 9
71883 6
71891 9
71893 9
71896 9
71903 10
71908 10
71915 4
71922 6
71927 2
71934 9
71943 6
71951 6
71960 7
71964 9
71974 1
71979 6
71985 3
71994 10
72001 5
72003 6
72004 1
72011 4
72011 10
72020 3
72028 2
72032 3
72035 8
72037 2
72040 7
72048 6
72052 1
72054 5
72056 6
72060 8
72069 4
72069 8
72079 2
72083 8
72083 4
72086 6
72095 3
72095 3
72100 10
72110 8
72119 8
72127 5
72135 5
72144 5
72151 5
72159 3
72164 8
72164 4
72167 3
72168 3
72176 2
72181 2
72189 10
72190 8
72199 2
72208 6
72213 10
72219 8
72221 2
72230 8
72230 5
72240 8
72240 2
72247 4
72250 3
72252 1
72262 7
72262 2
72262 9
72271 6
72280 7
72282 10
72283 4
72287 4
72293 1
72293 4
72298 3
72308 10
72315 1
72319 9
72320 10
72324 1
72333 6
72340 2
72341 4
72347 8
72348 10
72351 8
72361 6
72368 1
72374 3
72375 4
72378 7
72379 10
72382 5
72387 4
72394 10
72399 1
72408 7
72410 1
72414 3
72414 2
72414 6
72421 9
72428 3
72433 10
72439 5
72448 2
72451 5
72456 3
72458 9
72466 8
72471 2
72472 5
72472 4
72476 2
72483 4
72492 1
72493 5
72498 4
72504 10
72510 1
72512 5
72521 9
72522 5
72529 3
72529 7
72537 4
72541 10
72550 9
72560 4
72567 2
72567 6
72576 10
72586 5
72594 6
72598 8
72603 1
72609 2
72617 5
72620 10
72627 10
72634 7
72643 9
72643 3
72646 2
72650 1
72651 7
72654 6
72658 6
72661 1
72667 5
72671 4
72681 1
